Circuit_Solver_Saved_Circuit
xxx
5 0
53 -19
50299 193
50 195 6.73055
50 199 4.9155
50 203 3.62752
19 207 10
25 209
50499 287
50 289 34.1216
50 293 25.0901
50 297 18.5264
50405 299
19 301 1
25 303
50 407 6.75852
50 411 4.89332
50 415 3.61974
19 419 10
25 421
25 479
30 481 1
20 485 1
50 489 100
50 493 100
50 497 93.0279
50711 499
19 501 1
25 503
50723 617
50 619 6.60653
50 623 4.95799
50 627 3.69399
19 631 10
25 633
50 713 34.0654
50 717 25.2633
50 721 18.4554
50829 723
19 725 1
25 727
50 831 6.7159
50 835 4.93878
50 839 3.59975
19 843 10
25 845
