Circuit_Solver_Saved_Circuit
xxx
5 0
53 -19
20 89 1000
50250 91
25 122
50122 123
50123 124
50124 177
50177 179
20 181 1000
20 185 1000
50189 187
24 187
20 191 1000
50087 193
30 217 10
50431 219
20 227 1000
50123 229
16 248
20 252 1000
50413 254
25 299
20 382 1000
50225 384
50543 384
50387 384
20 389 1000
50183 395
20 397 1000
50399 401
50406 405
20 408 680
50411 410
50517 411
50411 413
50215 427
20 429 1000
50433 431
50380 433
50698 433
33 446 2
35 456 2
25 517
50544 543
20 546 1000
50707 548
50444 550
20 552 1000
50448 554
50454 560
20 562 1000
50458 564
50406 565
50410 569
50427 586
25 586
32 620 2
50658 656
20 660 1000
50664 662
20 666 1000
50669 668
50828 669
20 700 1000
50703 702
50861 702
50707 703
50813 707
50709 707
50656 709
50586 745
50431 749
50618 777
20 779 1000
50622 781
50904 798
34 800 2
50908 802
20 815 1000
50818 817
20 820 1000
50823 822
50929 823
25 828
20 863 1000
50918 865
20 906 1000
50919 918
25 919
25 929
