0 | 7391,36 6224,19 
1 | 9726,0 1168,0 
2 | 
3 | 4671,1 1559,27 
4 | 8562,56 6228,5 3505,33 2727,9 393,12 
5 | 2339,29 
6 | 5841,72 1562,27 
7 | 9343,15 
8 | 
9 | 
10 | 5845,14 
11 | 
12 | 9348,15 
13 | 4681,1 791,4 402,12 
14 | 7794,1 5849,15 4682,14 3515,3 1181,0 
15 | 3516,3 
16 | 
17 | 8964,23 4296,5 
18 | 7798,1 5853,2 3130,6 1185,1 
19 | 6632,73 
20 | 8189,4 
21 | 
22 | 5857,16 2356,9 1189,6 800,4 
23 | 4691,14 
24 | 
25 | 
26 | 7806,54 3527,34 1193,6 
27 | 416,12 
28 | 8975,23 
29 | 4308,7 
30 | 8588,23 6643,0 
31 | 8589,23 7422,13 5477,2 809,4 
32 | 7423,13 5478,2 
33 | 
34 | 4313,7 
35 | 
36 | 5482,2 2759,2 
37 | 
38 | 9763,61 5484,12 
39 | 8597,57 3929,0 
40 | 2763,2 818,4 
41 | 1597,63 
42 | 3154,6 
43 | 
44 | 
45 | 
46 | 9771,21 435,7 
47 | 436,1 
48 | 8217,13 2771,8 437,12 
49 | 7440,51 438,5 
50 | 8608,58 5885,16 3940,0 
51 | 9776,21 
52 | 9388,59 3553,0 1608,8 
53 | 8611,58 6277,12 3554,0 2387,0 
54 | 2388,0 
55 | 6279,12 5890,16 444,7 
56 | 445,2 
57 | 446,12 
58 | 7449,51 447,5 
59 | 
60 | 4728,39 
61 | 8230,13 3562,35 839,4 
62 | 
63 | 
64 | 453,9 
65 | 8234,2 454,3 
66 | 844,4 455,12 
67 | 456,5 
68 | 6681,3 4736,13 
69 | 9405,21 8238,18 
70 | 3182,0 
71 | 2405,30 
72 | 6685,3 3573,36 
73 | 8242,4 5519,42 4741,13 
74 | 4353,37 74,1 
75 | 7855,76 3576,36 1242,6 
76 | 
77 | 1244,6 
78 | 
79 | 7859,54 
80 | 2414,30 
81 | 
82 | 6695,3 
83 | 9808,3 7863,19 6696,0 5529,2 3195,0 83,2 
84 | 5530,2 473,5 
85 | 
86 | 6310,5 
87 | 9812,3 7867,1 5144,5 3199,3 
88 | 8646,77 
89 | 
90 | 1646,1 
91 | 7871,22 4370,13 3203,6 
92 | 6705,0 92,3 
93 | 
94 | 1650,1 
95 | 9820,23 5541,43 3207,6 
96 | 
97 | 2820,66 97,4 
98 | 6322,9 
99 | 8657,23 
100 | 9436,15 7491,1 100,5 
101 | 9437,15 7492,1 2824,8 
102 | 491,5 
103 | 6327,9 103,6 
104 | 1660,1 
105 | 7496,1 4773,1 2828,9 1661,8 
106 | 
107 | 7498,18 
108 | 5943,16 1275,6 
109 | 4777,1 2832,2 
110 | 3611,67 
111 | 5168,5 500,5 
112 | 
113 | 2836,10 
114 | 1670,8 
115 | 
116 | 
117 | 4785,41 
118 | 9454,60 
119 | 7899,22 5954,16 
120 | 1287,0 509,5 
121 | 5567,16 3622,0 
122 | 8291,18 5568,16 4401,7 2456,2 
123 | 4402,7 2457,2 
124 | 8293,18 7904,22 
125 | 1292,0 
126 | 904,19 126,0 
127 | 2461,2 127,1 9463,60 
128 | 128,6 
129 | 6742,48 2463,6 907,19 129,6 
130 | 5576,44 
131 | 
132 | 
133 | 
134 | 
135 | 913,20 135,0 
136 | 136,2 
137 | 6750,17 526,5 137,6 8695,2 
138 | 138,6 
139 | 5196,7 528,5 
140 | 4419,38 
141 | 5587,45 2864,10 8699,2 
142 | 7533,50 6755,17 
143 | 6367,46 
144 | 9869,80 5590,45 3256,6 922,21 144,0 
145 | 145,3 
146 | 3258,6 2869,10 146,6 
147 | 147,6 
148 | 9873,23 
149 | 4428,38 
150 | 
151 | 1707,26 8709,2 
152 | 9877,21 5209,7 8710,23 7543,1 
153 | 931,17 7544,1 
154 | 
155 | 8324,4 
156 | 9881,3 7158,4 5213,2 
157 | 
158 | 
159 | 3660,3 1715,7 
160 | 9885,0 6384,17 5217,12 
161 | 8719,23 
162 | 940,11 
163 | 3664,3 
164 | 2498,29 1720,7 7555,51 5221,5 
165 | 1332,24 
166 | 4834,70 
167 | 8336,13 
168 | 
169 | 9505,3 
170 | 9506,3 4838,41 
171 | 
172 | 8341,13 
173 | 3674,3 
174 | 2508,2 9510,3 6787,3 4842,13 3675,0 
175 | 2509,2 
176 | 9512,18 
177 | 7957,22 3289,6 
178 | 956,54 6791,3 4846,1 2123,6 
179 | 957,19 5625,71 
180 | 958,1 7182,4 
181 | 959,22 181,6 
182 | 1349,7 182,6 4850,14 
183 | 3684,0 
184 | 
185 | 
186 | 6799,16 2520,30 
187 | 965,22 
188 | 9913,0 7968,22 966,20 
189 | 3301,0 967,2 
190 | 190,6 7581,22 5636,16 968,23 
191 | 191,6 7582,22 6415,9 4470,1 
192 | 6416,9 4471,1 
193 | 9918,0 
194 | 3306,0 
195 | 
196 | 4475,1 1752,1 974,23 585,13 
197 | 975,21 
198 | 976,3 8756,57 4477,12 
199 | 7590,52 2922,10 977,0 199,6 
200 | 1756,1 200,6 
201 | 
202 | 2147,6 
203 | 
204 | 
205 | 
206 | 8764,20 595,13 
207 | 
208 | 7210,13 1764,28 
209 | 6433,47 209,6 
210 | 7601,53 4878,14 2933,10 
211 | 9547,59 8769,20 
212 | 8381,55 2546,10 
213 | 7604,53 5270,12 2547,10 1380,0 
214 | 1381,0 
215 | 5272,12 4883,14 
216 | 
217 | 
218 | 6442,47 
219 | 
220 | 3721,35 
221 | 9557,3 7223,13 2555,31 
222 | 9558,3 
223 | 
224 | 
225 | 9172,4 7227,1 
226 | 
227 | 
228 | 5674,2 3729,11 
229 | 8398,20 7231,18 
230 | 2175,0 
231 | 1398,25 
232 | 5678,2 2566,32 
233 | 9569,60 7235,4 4512,37 3734,11 
234 | 3346,33 
235 | 6848,74 2569,32 
236 | 
237 | 
238 | 
239 | 6852,16 
240 | 1407,25 
241 | 
242 | 5688,2 
243 | 8801,2 6856,17 5689,16 4522,1 2188,0 
244 | 4523,1 
245 | 
246 | 9971,0 5303,5 
247 | 8805,2 6860,3 4137,5 2192,2 
248 | 7639,75 
249 | 9196,4 
250 | 
251 | 6864,0 3363,11 2196,6 
252 | 5698,16 
253 | 
254 | 
255 | 8813,22 4534,38 2200,6 
256 | 
257 | 9982,0 1813,64 
258 | 5315,7 647,41 
259 | 9595,0 7650,22 648,13 259,5 
260 | 9596,0 8429,13 6484,3 649,1 
261 | 8430,13 6485,3 1817,28 650,14 
262 | 
263 | 5320,7 263,5 
264 | 
265 | 6489,3 3766,3 1821,7 
266 | 
267 | 6491,12 656,14 
268 | 9604,61 4936,14 657,15 
269 | 3770,3 1825,1 658,2 
270 | 2604,65 659,16 
271 | 4161,5 
272 | 
273 | 1829,8 
274 | 
275 | 
276 | 665,16 276,7 
277 | 9224,15 3778,10 666,17 
278 | 8447,56 667,3 
279 | 9615,62 6892,0 4947,14 668,0 
280 | 
281 | 4560,14 2615,10 
282 | 9618,62 7284,18 4561,14 3394,0 1449,1 
283 | 3395,0 1450,1 
284 | 7286,18 6897,0 
285 | 
286 | 286,7 
287 | 8456,56 1454,1 
288 | 
289 | 5735,44 1456,6 
290 | 9237,15 4569,39 
291 | 
292 | 
293 | 
294 | 9241,3 
295 | 
296 | 685,5 
297 | 7688,1 5743,15 
298 | 9245,18 
299 | 4189,7 
300 | 3412,34 
301 | 7692,1 4580,40 1857,8 
302 | 9249,4 6526,46 5748,15 
303 | 5360,42 
304 | 8862,78 4583,40 2249,6 693,18 
305 | 
306 | 2251,6 1862,8 
307 | 
308 | 8866,22 
309 | 3421,34 
310 | 
311 | 7702,1 
312 | 8870,20 7703,22 6536,3 4202,7 
313 | 6537,3 702,18 
314 | 
315 | 7317,4 
316 | 8874,2 6151,5 4206,1 
317 | 9653,79 
318 | 
319 | 2653,2 
320 | 5377,15 4210,12 8878,23 
321 | 7712,22 
322 | 711,18 
323 | 2657,2 
324 | 6548,47 4214,5 1491,24 
325 | 
326 | 3827,68 
327 | 7329,13 
328 | 9664,0 
329 | 8498,2 
330 | 3831,10 8499,2 
331 | 
332 | 7334,13 
333 | 2667,2 
334 | 5780,2 3835,11 2668,10 1501,1 8503,2 
335 | 1502,1 
336 | 8505,18 
337 | 2282,6 6950,0 
338 | 5784,2 3839,3 1116,6 338,28 
339 | 4618,69 339,7 
340 | 6175,5 340,1 
341 | 341,8 
342 | 3843,0 
343 | 2677,10 
344 | 
345 | 734,18 
346 | 1513,25 5792,14 
347 | 347,8 
348 | 348,9 8906,23 6961,0 
349 | 2294,0 349,2 
350 | 4629,14 350,10 6574,0 
351 | 3463,3 9298,18 6575,0 5408,7 
352 | 3464,3 5409,7 
353 | 9300,18 8911,23 
354 | 2299,0 
355 | 744,13 
356 | 3468,3 745,1 356,10 
357 | 746,18 357,11 
358 | 3470,6 747,4 358,3 7749,52 
359 | 1915,8 359,0 6583,48 
360 | 
361 | 
362 | 1140,6 
363 | 
364 | 753,13 
365 | 754,2 
366 | 9702,3 755,18 7757,19 
367 | 756,4 367,6 
368 | 368,6 6203,9 
369 | 5426,43 
370 | 9706,3 1926,8 6594,49 3871,0 
371 | 8540,55 7762,19 
372 | 1539,8 7374,50 
373 | 1540,8 762,15 6597,49 4263,12 
374 | 763,3 
375 | 764,18 4265,12 3876,0 
376 | 765,4 
377 | 
378 | 5435,43 
379 | 
380 | 9716,3 2714,31 
381 | 9717,0 8550,2 6216,9 1548,26 
382 | 8551,2 
383 | 
384 | 384,12 9331,4 
385 | 8165,4 6220,3 
386 | 
387 | 
388 | 4667,1 2722,9 
