Circuit_Solver_Saved_Circuit
xxx
5 0
53 -19
50375 110
22 110
50429 112
22 112
50482 114
22 114
50540 116
22 116
50383 118
22 118
50438 120
22 120
50492 122
22 122
50545 124
22 124
50391 126
22 126
50446 128
22 128
50501 130
22 130
50556 132
22 132
50459 134
22 134
50141 136
22 136
50406 141
50376 375
50386 383
50397 391
50439 438
50450 446
43 484
50698 486
43 494
50816 496
50503 501
43 505
50512 507
43 514
23 516
50535 540
50710 698
3 765
50777 767
50565 777
