Circuit_Solver_Saved_Circuit
xxx
5 0
53 -19
50253 252
50252 358
50147 141
50708 390
50708 698
50390 391
50709 708
50603 597
50285 283
50283 442
50442 440
50124 123
2 126
50132 128
50238 132
2 139
50164 161
22 161
50172 164
50190 184
50137 190
3 202
50209 204
23 209
3 227
50123 229
50278 277
3 293
50560 295
50299 295
50164 323
3 340
50343 342
50184 343
50344 343
3 354
50358 356
50411 358
3 378
50383 380
50277 383
50436 383
50405 397
2 413
50416 415
50469 416
50429 426
22 426
50588 429
2 438
3 524
50527 526
23 527
50564 560
50593 588
50641 588
2 595
3 619
50623 621
2 625
50628 627
50575 628
3 658
50662 660
50397 662
2 664
50670 666
3 696
50747 744
22 744
