Circuit_Solver_Saved_Circuit
xxx
5 0
53 -19
1050 483
1050 216
22 74
50127 74
22 83
50136 83
22 92
50145 92
22 97
50839 97
22 100
50259 100
22 103
50209 103
25 126
25 135
25 144
50128 181
50181 182
50190 182
50129 182
50137 190
50190 191
50199 191
50138 191
50146 199
50199 200
50209 200
50147 200
50368 209
1050 225
1042 234
1042 243
1042 252
50263 259
50528 263
50435 276
50276 286
50444 339
50286 339
50436 340
50341 347
50453 348
50445 349
50350 356
50940 357
50454 358
25 359
50367 368
50437 384
50446 393
50384 393
50455 402
50393 402
50402 416
-7 418
50500 447
50526 473
50438 491
50509 500
50491 500
50526 509
50456 509
50685 526
50526 528
1042 543
1042 552
1042 561
50744 585
50585 595
50595 648
50753 648
50745 649
50650 656
50762 657
50754 658
50659 665
50931 666
50763 667
25 668
50746 693
50711 702
50693 702
50764 711
50734 711
-7 736
50800 747
50702 755
50818 765
50844 791
50809 800
50756 809
50818 809
50839 818
50844 839
1042 852
1042 861
1042 870
23 904
50907 904
50957 904
23 907
23 913
50966 913
23 922
50975 922
23 931
23 940
50959 965
50968 974
25 977
