Circuit_Solver_Saved_Circuit
xxx
5 0
53 -19
50299 193
50 195 1
50 199 1
50 203 1
19 207 1
25 209
50490 278
50278 279
50 281 1
50499 287
50 289 1
50 293 1
50 297 1
50405 299
19 301 1
25 303
50 387 1
50283 389
50 407 1
50 411 1
50 415 1
19 419 1
25 421
25 478
30 480 1
20 484 1
50 488 1
50385 491
50 493 1
50 497 1
50711 499
19 501 1
25 503
50723 617
50 619 1
50 623 1
50 627 1
19 631 1
25 633
50 713 1
50 717 1
50 721 1
50829 723
19 725 1
25 727
50 831 1
50 835 1
50 839 1
19 843 1
25 845
