Circuit_Solver_Saved_Circuit
xxx
5 0
53 -19
50299 193
50 195 7.66592
50 199 5.47827
50 203 3.93092
19 207 10
25 209
50499 287
50 289 54.667
50 293 27.2505
50 297 17.5
50405 299
19 301 1
25 303
50 407 7.65287
50 411 5.47775
50 415 3.94613
19 419 10
25 421
25 479
30 481 1
20 485 1
50 489 100
50 493 100
50 497 100
50711 499
19 501 1
25 503
50723 617
50 619 7.6777
50 623 5.50455
50 627 3.89014
19 631 10
25 633
50 713 42.5303
50 717 29.6394
50 721 21.6026
50829 723
19 725 1
25 727
50 831 7.65756
50 835 5.47807
50 839 3.93603
19 843 10
25 845
