Circuit_Solver_Saved_Circuit
xxx
5 0
53 -19
50064 56
22 56
50094 64
50117 64
50677 94
50163 162
22 162
50375 163
50164 163
3 172
50176 174
7 219
50223 221
50753 223
5 231
50235 233
50447 235
50236 235
50480 268
50270 268
22 268
50282 280
7 291
50314 293
23 314
50551 339
50339 342
50376 375
3 431
50439 433
50280 439
50448 447
50482 480
3 503
50509 505
50520 516
50657 551
50554 551
5 564
50573 566
50587 586
22 586
50799 587
50588 587
50615 614
38 628
50632 630
23 632
7 643
50657 645
50660 657
50679 677
50904 692
50694 692
22 692
3 715
50728 717
50516 728
50766 753
50800 799
3 855
50879 857
50614 879
50906 904
