Circuit_Solver_Saved_Graph
0 -0.00850033
1 -0.0096185
2 -0.0152093
3 -0.0451295
4 -0.0950878
5 -0.173566
6 -0.290984
7 -0.459581
8 -0.693281
9 -1.00753
10 -1.41911
11 -1.94596
12 -2.60697
13 -3.42172
14 -4.4103
15 -5.59304
16 -6.99027
17 -8.62204
18 -10.5079
19 -12.6668
20 -15.1163
21 -17.8731
22 -20.9522
23 -24.3671
24 -28.1291
25 -32.2475
26 -36.7295
27 -41.5795
28 -46.7997
29 -52.3892
30 -58.3446
31 -64.6595
32 -71.3246
33 -78.3277
34 -85.6535
35 -93.2842
36 -101.199
37 -109.374
38 -117.782
39 -126.397
40 -135.185
41 -144.115
42 -153.15
43 -162.255
44 -171.39
45 -180.518
46 -189.596
47 -198.584
48 -207.442
49 -216.126
50 -224.598
51 -232.815
52 -240.739
53 -248.331
54 -255.555
55 -262.376
56 -268.761
57 -274.679
58 -280.103
59 -285.007
60 -289.371
61 -293.175
62 -296.404
63 -299.047
64 -301.095
65 -302.546
66 -303.398
67 -303.656
68 -303.326
69 -302.421
70 -300.956
71 -298.949
72 -296.423
73 -293.405
74 -289.922
75 -286.007
76 -281.696
77 -277.026
78 -272.037
79 -266.77
80 -261.271
81 -255.582
82 -249.751
83 -243.824
84 -237.849
85 -231.872
86 -225.94
87 -220.1
88 -214.396
89 -208.872
90 -203.571
91 -198.531
92 -193.79
93 -189.384
94 -185.345
95 -181.702
96 -178.48
97 -175.702
98 -173.386
99 -171.547
100 -170.196
101 -169.341
102 -168.983
103 -169.122
104 -169.753
105 -170.867
106 -172.451
107 -174.489
108 -176.961
109 -179.843
110 -183.109
111 -186.729
112 -190.671
113 -194.901
114 -199.381
115 -204.073
116 -208.937
117 -213.932
118 -219.014
119 -224.143
120 -229.274
121 -234.366
122 -239.376
123 -244.263
124 -248.988
125 -253.512
126 -257.799
127 -261.815
128 -265.527
129 -268.906
130 -271.927
131 -274.565
132 -276.802
133 -278.621
134 -280.009
135 -280.956
136 -281.458
137 -281.513
138 -281.123
139 -280.293
140 -279.033
141 -277.355
142 -275.277
143 -272.818
144 -270.001
145 -266.851
146 -263.397
147 -259.67
148 -255.702
149 -251.529
150 -247.187
151 -242.714
152 -238.148
153 -233.528
154 -228.895
155 -224.288
156 -219.746
157 -215.307
158 -211.01
159 -206.889
160 -202.981
161 -199.317
162 -195.927
163 -192.841
164 -190.082
165 -187.675
166 -185.638
167 -183.987
168 -182.736
169 -181.895
170 -181.469
171 -181.461
172 -181.871
173 -182.693
174 -183.921
175 -185.543
176 -187.545
177 -189.909
178 -192.615
179 -195.639
180 -198.956
181 -202.537
182 -206.353
183 -210.371
184 -214.558
185 -218.878
186 -223.296
187 -227.776
188 -232.28
189 -236.772
190 -241.215
191 -245.574
192 -249.812
193 -253.896
194 -257.794
195 -261.474
196 -264.909
197 -268.072
198 -270.937
199 -273.486
200 -275.697
201 -277.556
202 -279.05
203 -280.17
204 -280.909
205 -281.265
206 -281.237
207 -280.829
208 -280.047
209 -278.903
210 -277.408
211 -275.578
212 -273.432
213 -270.991
214 -268.279
215 -265.321
216 -262.145
217 -258.78
218 -255.258
219 -251.609
220 -247.868
221 -244.067
222 -240.241
223 -236.423
224 -232.646
225 -228.944
226 -225.349
227 -221.892
228 -218.602
229 -215.508
230 -212.635
231 -210.008
232 -207.649
233 -205.577
234 -203.808
235 -202.357
236 -201.235
237 -200.449
238 -200.006
239 -199.906
240 -200.151
241 -200.734
242 -201.65
243 -202.888
244 -204.437
245 -206.281
246 -208.401
247 -210.778
248 -213.39
249 -216.212
250 -219.217
251 -222.379
252 -225.667
253 -229.053
254 -232.506
255 -235.993
256 -239.484
257 -242.947
258 -246.351
259 -249.666
260 -252.861
261 -255.908
262 -258.78
263 -261.451
264 -263.897
265 -266.097
266 -268.03
267 -269.679
268 -271.03
269 -272.069
270 -272.788
271 -273.179
272 -273.238
273 -272.965
274 -272.36
275 -271.429
276 -270.178
277 -268.617
278 -266.759
279 -264.618
280 -262.212
281 -259.56
282 -256.684
283 -253.607
284 -250.353
285 -246.949
286 -243.422
287 -239.799
288 -236.111
289 -232.385
290 -228.651
291 -224.939
292 -221.276
293 -217.691
294 -214.212
295 -210.864
296 -207.672
297 -204.659
298 -201.847
299 -199.256
300 -196.902
301 -194.8
302 -192.965
303 -191.406
304 -190.131
305 -189.145
306 -188.451
307 -188.049
308 -187.937
309 -188.108
310 -188.556
311 -189.27
312 -190.238
313 -191.445
314 -192.874
315 -194.506
316 -196.321
317 -198.296
318 -200.409
319 -202.634
320 -204.947
321 -207.321
322 -209.729
323 -212.144
324 -214.541
325 -216.892
326 -219.171
327 -221.354
328 -223.416
329 -225.333
330 -227.085
331 -228.652
332 -230.014
333 -231.156
334 -232.064
335 -232.724
336 -233.129
337 -233.269
338 -233.141
339 -232.742
340 -232.071
341 -231.131
342 -229.928
343 -228.469
344 -226.763
345 -224.823
346 -222.663
347 -220.298
348 -217.748
349 -215.032
350 -212.171
351 -209.189
352 -206.108
353 -202.954
354 -199.752
355 -196.528
356 -193.309
357 -190.12
358 -186.987
359 -183.937
360 -180.993
361 -178.181
362 -175.522
363 -173.038
364 -170.749
365 -168.674
366 -166.829
367 -165.228
368 -163.884
369 -162.807
370 -162.005
371 -161.483
372 -161.245
373 -161.29
374 -161.617
375 -162.221
376 -163.096
377 -164.232
378 -165.619
379 -167.241
380 -169.085
381 -171.131
382 -173.361
383 -175.753
384 -178.286
385 -180.935
386 -183.676
387 -186.483
388 -189.331
389 -192.192
390 -195.04
391 -197.849
392 -200.593
393 -203.245
394 -205.78
395 -208.176
396 -210.409
397 -212.457
398 -214.301
399 -215.922
400 -217.305
401 -218.435
402 -219.3
403 -219.889
404 -220.196
405 -220.215
406 -219.942
407 -219.379
408 -218.526
409 -217.388
410 -215.971
411 -214.285
412 -212.341
413 -210.153
414 -207.735
415 -205.104
416 -202.281
417 -199.284
418 -196.137
419 -192.861
420 -189.481
421 -186.021
422 -182.508
423 -178.965
424 -175.42
425 -171.898
426 -168.424
427 -165.022
428 -161.718
429 -158.533
430 -155.491
431 -152.611
432 -149.913
433 -147.415
434 -145.132
435 -143.078
436 -141.266
437 -139.704
438 -138.401
439 -137.362
440 -136.59
441 -136.086
442 -135.848
443 -135.874
444 -136.157
445 -136.69
446 -137.462
447 -138.462
448 -139.676
449 -141.088
450 -142.683
451 -144.44
452 -146.342
453 -148.368
454 -150.496
455 -152.704
456 -154.969
457 -157.27
458 -159.583
459 -161.887
460 -164.157
461 -166.374
462 -168.516
463 -170.563
464 -172.496
465 -174.298
466 -175.952
467 -177.444
468 -178.762
469 -179.893
470 -180.828
471 -181.561
472 -182.085
473 -182.398
474 -182.498
475 -182.386
476 -182.064
477 -181.538
478 -180.815
479 -179.902
480 -178.81
481 -177.552
482 -176.14
483 -174.59
484 -172.919
485 -171.143
486 -169.28
487 -167.351
488 -165.374
489 -163.371
490 -161.36
491 -159.363
492 -157.4
493 -155.49
494 -153.653
495 -151.908
496 -150.272
497 -148.763
498 -147.394
499 -146.182
500 -145.137
501 -144.272
502 -143.596
503 -143.117
504 -142.84
505 -142.769
506 -142.907
507 -143.253
508 -143.805
509 -144.56
510 -145.512
511 -146.654
512 -147.975
513 -149.466
514 -151.114
515 -152.904
516 -154.821
517 -156.849
518 -158.971
519 -161.167
520 -163.418
521 -165.705
522 -168.008
523 -170.306
524 -172.579
525 -174.807
526 -176.97
527 -179.049
528 -181.025
529 -182.881
530 -184.6
531 -186.167
532 -187.567
533 -188.788
534 -189.819
535 -190.651
536 -191.275
537 -191.685
538 -191.878
539 -191.852
540 -191.606
541 -191.141
542 -190.461
543 -189.572
544 -188.481
545 -187.195
546 -185.727
547 -184.088
548 -182.292
549 -180.353
550 -178.287
551 -176.112
552 -173.845
553 -171.505
554 -169.111
555 -166.682
556 -164.239
557 -161.8
558 -159.387
559 -157.017
560 -154.71
561 -152.483
562 -150.354
563 -148.34
564 -146.454
565 -144.711
566 -143.124
567 -141.703
568 -140.457
569 -139.394
570 -138.52
571 -137.84
572 -137.354
573 -137.065
574 -136.969
575 -137.065
576 -137.346
577 -137.806
578 -138.436
579 -139.227
580 -140.167
581 -141.242
582 -142.438
583 -143.74
584 -145.132
585 -146.596
586 -148.113
587 -149.667
588 -151.236
589 -152.804
590 -154.35
591 -155.855
592 -157.301
593 -158.67
594 -159.944
595 -161.107
596 -162.142
597 -163.037
598 -163.776
599 -164.349
600 -164.745
601 -164.954
602 -164.97
603 -164.787
604 -164.401
605 -163.81
606 -163.014
607 -162.014
608 -160.813
609 -159.417
610 -157.832
611 -156.067
612 -154.131
613 -152.035
614 -149.792
615 -147.416
616 -144.922
617 -142.325
618 -139.643
619 -136.891
620 -134.088
621 -131.251
622 -128.4
623 -125.551
624 -122.722
625 -119.931
626 -117.194
627 -114.528
628 -111.948
629 -109.467
630 -107.1
631 -104.857
632 -102.749
633 -100.784
634 -98.9711
635 -97.3146
636 -95.8187
637 -94.4857
638 -93.3159
639 -92.308
640 -91.4589
641 -90.7638
642 -90.2161
643 -89.8078
644 -89.5291
645 -89.3689
646 -89.3147
647 -89.3528
648 -89.4685
649 -89.646
650 -89.8687
651 -90.1194
652 -90.3805
653 -90.634
654 -90.862
655 -91.0463
656 -91.1692
657 -91.2134
658 -91.1621
659 -90.9995
660 -90.7105
661 -90.2812
662 -89.699
663 -88.9526
664 -88.0322
665 -86.9299
666 -85.6392
667 -84.1556
668 -82.4765
669 -80.6011
670 -78.531
671 -76.2692
672 -73.8212
673 -71.1943
674 -68.3977
675 -65.4426
676 -62.342
677 -59.1105
678 -55.7647
679 -52.3222
680 -48.8025
681 -45.2259
682 -41.6141
683 -37.9894
684 -34.3751
685 -30.7948
686 -27.2726
687 -23.8326
688 -20.4989
689 -17.2954
690 -14.2454
691 -11.3714
692 -8.69546
693 -6.23812
694 -4.01888
695 -2.0558
696 -0.365325
697 1.03783
698 2.14083
699 2.93283
700 3.40511
701 3.55114
702 3.36665
703 2.8497
704 2.00071
705 0.822479
706 -0.679852
707 -2.49878
708 -4.62451
709 -7.04501
710 -9.7461
711 -12.7116
712 -15.9232
713 -19.3611
714 -23.0036
715 -26.8277
716 -30.8089
717 -34.9218
718 -39.1398
719 -43.436
720 -47.7826
721 -52.1517
722 -56.5154
723 -60.8459
724 -65.1157
725 -69.2981
726 -73.367
727 -77.2974
728 -81.0656
729 -84.6493
730 -88.0277
731 -91.1817
732 -94.0943
733 -96.7504
734 -99.137
735 -101.243
736 -103.061
737 -104.585
738 -105.81
739 -106.737
740 -107.365
741 -107.7
742 -107.746
743 -107.514
744 -107.012
745 -106.254
746 -105.255
747 -104.031
748 -102.602
749 -100.985
750 -99.2041
751 -97.2803
752 -95.2373
753 -93.0992
754 -90.8908
755 -88.637
756 -86.363
757 -84.0937
758 -81.8537
759 -79.667
760 -77.5568
761 -75.5452
762 -73.6532
763 -71.9003
764 -70.3047
765 -68.8823
766 -67.6477
767 -66.6131
768 -65.7885
769 -65.182
770 -64.7992
771 -64.6432
772 -64.7148
773 -65.0125
774 -65.5323
775 -66.2677
776 -67.2099
777 -68.3481
778 -69.6689
779 -71.1573
780 -72.796
781 -74.5661
782 -76.447
783 -78.4168
784 -80.4522
785 -82.5289
786 -84.6218
787 -86.7052
788 -88.7529
789 -90.7387
790 -92.6364
791 -94.4202
792 -96.0648
793 -97.5456
794 -98.8392
795 -99.9232
796 -100.777
797 -101.381
798 -101.718
799 -101.772
800 -101.531
801 -100.983
802 -100.119
803 -98.9338
804 -97.4229
805 -95.5856
806 -93.4234
807 -90.9404
808 -88.1436
809 -85.0423
810 -81.6484
811 -77.9764
812 -74.043
813 -69.8672
814 -65.4701
815 -60.8746
816 -56.1055
817 -51.1892
818 -46.1533
819 -41.0266
820 -35.8389
821 -30.6205
822 -25.4025
823 -20.2157
824 -15.0913
825 -10.0598
826 -5.15144
827 -0.395539
828 4.17963
829 8.54703
830 12.6811
831 16.5581
832 20.156
833 23.455
834 26.4374
835 29.088
836 31.394
837 33.3454
838 34.9346
839 36.1571
840 37.0109
841 37.497
842 37.6193
843 37.3841
844 36.8009
845 35.8815
846 34.6405
847 33.0948
848 31.2637
849 29.1684
850 26.8325
851 24.281
852 21.5408
853 18.6398
854 15.6074
855 12.4736
856 9.26932
857 6.02563
858 2.77392
859 -0.454598
860 -3.62904
861 -6.71915
862 -9.69549
863 -12.5297
864 -15.1949
865 -17.6654
866 -19.9176
867 -21.9296
868 -23.6816
869 -25.1561
870 -26.338
871 -27.2146
872 -27.776
873 -28.0145
874 -27.9257
875 -27.5074
876 -26.7605
877 -25.6884
878 -24.2972
879 -22.5957
880 -20.5952
881 -18.3093
882 -15.754
883 -12.9473
884 -9.90943
885 -6.66213
886 -3.22889
887 0.365442
888 4.09484
889 7.93235
890 11.8503
891 15.8205
892 19.8147
893 23.8044
894 27.7616
895 31.6586
896 35.4687
897 39.166
898 42.7257
899 46.1245
900 49.3406
901 52.3543
902 55.1472
903 57.7036
904 60.0097
905 62.054
906 63.8275
907 65.3235
908 66.5381
909 67.4698
910 68.1194
911 68.4907
912 68.5895
913 68.4243
914 68.0059
915 67.3472
916 66.4632
917 65.371
918 64.0894
919 62.6388
920 61.041
921 59.319
922 57.497
923 55.5999
924 53.6531
925 51.6823
926 49.7136
927 47.7726
928 45.8848
929 44.0749
930 42.3672
931 40.7844
932 39.3485
933 38.0798
934 36.997
935 36.1172
936 35.4553
937 35.0246
938 34.8357
939 34.8975
940 35.216
941 35.7953
942 36.6368
943 37.7397
944 39.1004
945 40.7133
946 42.5704
947 44.6613
948 46.9735
949 49.4924
950 52.2018
951 55.0833
952 58.1171
953 61.2821
954 64.5557
955 67.9144
956 71.334
957 74.7896
958 78.2558
959 81.7073
960 85.1186
961 88.4648
962 91.7213
963 94.8643
964 97.8711
965 100.72
966 103.391
967 105.864
968 108.124
969 110.155
970 111.943
971 113.477
972 114.75
973 115.753
974 116.484
975 116.939
976 117.12
977 117.03
978 116.673
979 116.058
980 115.195
981 114.094
982 112.771
983 111.242
984 109.524
985 107.637
986 105.601
987 103.439
988 101.174
989 98.8296
990 96.4311
991 94.0033
992 91.5716
993 89.1611
994 86.7969
995 84.5035
996 82.3045
997 80.223
998 78.2805
999 76.4975
1000 74.893
1001 73.4841
1002 72.2861
1003 71.3126
1004 70.5748
1005 70.0818
1006 69.8405
1007 69.8554
1008 70.1285
1009 70.6597
1010 71.4461
1011 72.4829
1012 73.7625
1013 75.2753
1014 77.0095
1015 78.9512
1016 81.0846
1017 83.392
1018 85.8542
1019 88.4505
1020 91.1587
1021 93.956
1022 96.8182
1023 99.2339
