0.000000
-0.006709
-0.015603
-0.028844
-0.048542
-0.076738
-0.115374
-0.166273
-0.231121
-0.311443
-0.408585
-0.523701
-0.657731
-0.811398
-0.985188
-1.179347
-1.393872
-1.628510
-1.882754
-2.155844
-2.446772
-2.754289
-3.076910
-3.412925
-3.760417
-4.117268
-4.481186
-4.849716
-5.220263
-5.590117
-5.956471
-6.316451
-6.667137
-7.005591
-7.328884
-7.634122
-7.918473
-8.179192
-8.413651
-8.619360
-8.793992
-8.935409
-9.041681
-9.111107
-9.142232
-9.133866
-9.085097
-8.995301
-8.864156
-8.691644
-8.478060
-8.224011
-7.930418
-7.598509
-7.229818
-6.826172
-6.389681
-5.922728
-5.427945
-4.908206
-4.366595
-3.806393
-3.231048
-2.644153
-2.049417
-1.450636
-0.851669
-0.256401
0.331282
0.907525
1.468535
2.010608
2.530164
3.023770
3.488170
3.920311
4.317369
4.676769
4.996208
5.273675
5.507464
5.696194
5.838814
5.934617
5.983245
5.984692
5.939304
5.847779
5.711160
5.530831
5.308499
5.046188
4.746223
4.411205
4.043999
3.647707
3.225643
2.781308
2.318365
1.840603
1.351916
0.856263
0.357643
-0.139940
-0.632507
-1.116137
-1.586999
-2.041378
-2.475711
-2.886609
-3.270888
-3.625593
-3.948018
-4.235732
-4.486597
-4.698779
-4.870771
-5.001394
-5.089817
-5.135551
-5.138460
-5.098760
-5.017012
-4.894121
-4.731324
-4.530180
-4.292558
-4.020618
-3.716794
-3.383772
-3.024468
-2.642001
-2.239671
-1.820926
-1.389338
-0.948568
-0.502340
-0.054407
0.391479
0.831598
1.262293
1.680000
2.081279
2.462839
2.821565
3.154549
3.459104
3.732795
3.973451
4.179189
4.348420
4.479871
4.572588
4.625943
4.639641
4.613721
4.548552
4.444830
4.303573
4.126107
3.914057
3.669333
3.394110
3.090810
2.762083
2.410779
2.039928
1.652713
1.252441
0.842514
0.426404
0.007619
-0.410322
-0.823924
-1.229740
-1.624405
-2.004660
-2.367380
-2.709603
-3.028548
-3.321645
-3.586551
-3.821170
-4.023672
-4.192502
-4.326401
-4.424404
-4.485858
-4.510419
-4.498057
-4.449053
-4.363999
-4.243786
-4.089601
-3.902911
-3.685453
-3.439217
-3.166427
-2.869522
-2.551135
-2.214067
-1.861267
-1.495803
-1.120835
-0.739591
-0.355335
0.028658
0.409131
0.782872
1.146743
1.497705
1.832845
2.149397
2.444769
2.716565
2.962597
3.180915
3.369811
3.527842
3.653833
3.746893
3.806419
3.832097
3.823907
3.782122
3.707304
3.600294
3.462211
3.294435
3.098597
2.876563
2.630417
2.362444
2.075106
1.771022
1.452946
1.123741
0.786354
0.443789
0.099086
-0.244712
-0.584582
-0.917546
-1.240699
-1.551233
-1.846459
-2.123833
-2.380976
-2.615691
-2.825987
-3.010091
-3.166464
-3.293814
-3.391104
-3.457563
-3.492689
-3.496253
-3.468302
-3.409153
-3.319396
-3.199878
-3.051706
-2.876227
-2.675021
-2.449882
-2.202807
-1.935974
-1.651720
-1.352529
-1.040998
-0.719825
-0.391777
-0.059670
0.273657
0.605365
0.932645
1.252736
1.562951
1.860703
2.143523
2.409083
2.655217
2.879935
3.081446
3.258166
3.408735
3.532030
3.627166
3.693513
3.730691
3.738579
3.717311
3.667278
3.589118
3.483713
3.352179
3.195858
3.016301
2.815256
2.594651
2.356577
2.103269
1.837086
1.560486
1.276011
0.986258
0.693858
0.401454
0.111676
-0.172884
-0.449689
-0.716285
-0.970320
-1.209566
-1.431934
-1.635498
-1.818507
-1.979403
-2.116831
-2.229653
-2.316956
-2.378061
-2.412526
-2.420150
-2.400977
-2.355289
-2.283608
-2.186689
-2.065510
-1.921268
-1.755363
-1.569387
-1.365110
-1.144462
-0.909517
-0.662472
-0.405632
-0.141382
0.127829
0.399509
0.671153
0.940254
1.204336
1.460970
1.707796
1.942546
2.163061
2.367314
2.553425
2.719676
2.864532
2.986647
3.084880
3.158306
3.206220
3.228145
3.223836
3.193284
3.136710
3.054569
2.947542
2.816533
2.662656
2.487229
2.291762
2.077941
1.847614
1.602778
1.345556
1.078181
0.802976
0.522336
0.238700
-0.045461
-0.327675
-0.605482
-0.876463
-1.138256
-1.388578
-1.625246
-1.846194
-2.049493
-2.233366
-2.396204
-2.536580
-2.653260
-2.745214
-2.811627
-2.851902
-2.865668
-2.852782
-2.813328
-2.747618
-2.656190
-2.539801
-2.399421
-2.236222
-2.051572
-1.847019
-1.624281
-1.385227
-1.131861
-0.866309
-0.590795
-0.307625
-0.019165
0.272178
0.563977
0.853807
1.139264
1.417987
1.687680
1.946127
2.191213
2.420943
2.633458
2.827051
3.000179
3.151479
3.279775
3.384092
3.463663
3.517929
3.546551
3.549408
3.526596
3.478432
3.405442
3.308362
3.188130
3.045875
2.882906
2.700704
2.500903
2.285280
2.055734
1.814275
1.563001
1.304082
1.039738
0.772223
0.503805
0.236741
-0.026736
-0.284439
-0.534249
-0.774127
-1.002137
-1.216459
-1.415406
-1.597438
-1.761174
-1.905403
-2.029096
-2.131412
-2.211704
-2.269526
-2.304635
-2.316990
-2.306754
-2.274290
-2.220157
-2.145105
-2.050066
-1.936143
-1.804605
-1.656868
-1.494486
-1.319136
-1.132599
-0.936748
-0.733528
-0.524938
-0.313013
-0.099809
0.112623
0.322249
0.527072
0.725153
0.914622
1.093703
1.260721
1.414125
1.552493
1.674554
1.779189
1.865450
1.932560
1.979925
2.007137
2.013975
2.000409
1.966601
1.912899
1.839834
1.748118
1.638634
1.512427
1.370696
1.214784
1.046160
0.866410
0.677221
0.480365
0.277684
0.071070
-0.137549
-0.346227
-0.553021
-0.756005
-0.953289
-1.143036
-1.323478
-1.492934
-1.649823
-1.792677
-1.920158
-2.031067
-2.124357
-2.199139
-2.254693
-2.290471
-2.306105
-2.301410
-2.276381
-2.231197
-2.166220
-2.081988
-1.979210
-1.858764
-1.721682
-1.569146
-1.402475
-1.223114
-1.032618
-0.832640
-0.624917
-0.411253
-0.193500
0.026455
0.246706
0.465351
0.680504
0.890314
1.092980
1.286771
1.470036
1.641224
1.798895
1.941732
2.068554
2.178330
2.270179
2.343388
2.397410
2.431874
2.446585
2.441527
2.416863
2.372932
2.310246
2.229485
2.131493
2.017265
1.887945
1.744808
1.589251
1.422784
1.247010
1.063614
0.874348
0.681011
0.485440
0.289483
0.094994
-0.096195
-0.282281
-0.461514
-0.632208
-0.792757
-0.941650
-1.077486
-1.198984
-1.304996
-1.394516
-1.466690
-1.520824
-1.556387
-1.573020
-1.570535
-1.548919
-1.508333
-1.449108
-1.371747
-1.276915
-1.165433
-1.038275
-0.896552
-0.741509
-0.574505
-0.397008
-0.210576
-0.016846
0.182484
0.385668
0.590931
0.796483
1.000538
1.201328
1.397120
1.586235
1.767058
1.938057
2.097799
2.244956
2.378323
2.496830
2.599547
2.685696
2.754659
2.805978
2.839367
2.854711
2.852064
2.831654
2.793876
2.739293
2.668626
2.582751
2.482688
2.369593
2.244748
2.109544
1.965477
1.814123
1.657133
1.496211
1.333099
1.169563
1.007373
0.848289
0.694041
0.546316
0.406737
0.276853
0.158118
0.051882
-0.040627
-0.118312
-0.180221
-0.225553
-0.253670
-0.264104
-0.256560
-0.230922
-0.187254
-0.125802
-0.046992
0.048572
0.160112
0.286683
0.427182
0.580351
0.744795
0.918988
1.101290
1.289956
1.483159
1.678998
1.875520
2.070735
2.262634
2.449210
2.628469
2.798458
2.957274
3.103089
3.234159
3.348849
3.445643
3.523159
3.580166
3.615591
3.628536
3.618280
3.584297
3.526251
3.444009
3.337642
3.207424
3.053832
2.877547
2.679445
2.460594
2.222246
1.965829
1.692932
1.405298
1.104806
0.793461
0.473371
0.146738
-0.184166
-0.517016
-0.849451
-1.179096
-1.503581
-1.820561
-2.127736
-2.422867
-2.703801
-2.968484
-3.214982
-3.441495
-3.646375
-3.828136
-3.985472
-4.117267
-4.222603
-4.300767
-4.351262
-4.373811
-4.368353
-4.335055
-4.274301
-4.186694
-4.073051
-3.934398
-3.771955
-3.587136
-3.381528
-3.156884
-2.915106
-2.658229
-2.388403
-2.107879
-1.818985
-1.524109
-1.225679
-0.926141
-0.627938
-0.333492
-0.045180
0.234684
0.503869
0.760248
1.001814
1.226699
1.433188
1.619734
1.784975
1.927740
2.047063
2.142190
2.212586
2.257939
2.278164
2.273401
2.244016
2.190598
2.113954
2.015099
1.895252
1.755819
1.598388
1.424710
1.236685
1.036347
0.825844
0.607420
0.383394
0.156143
-0.071923
-0.298379
-0.520809
-0.736825
-0.944093
-1.140346
-1.323411
-1.491228
-1.641863
-1.773533
-1.884616
-1.973671
-2.039448
-2.080900
-2.097194
-2.087721
-2.052099
-1.990177
-1.902043
-1.788017
-1.648654
-1.484738
-1.297280
-1.087504
-0.856842
-0.606923
-0.339558
-0.056724
0.239450
0.546699
0.862646
1.184815
1.510660
1.837577
2.162934
2.484089
2.798414
3.103315
3.396258
3.674788
3.936549
4.179310
4.400977
4.599615
4.773467
4.920964
5.040743
5.131661
5.192798
5.223472
5.223246
5.191928
5.129574
5.036494
4.913244
4.760625
4.579676
4.371668
4.138091
3.880646
3.601230
3.301917
2.984949
2.652711
2.307716
1.952582
1.590011
1.222770
0.853662
0.485512
0.121133
-0.236685
-0.585210
-0.921781
-1.243834
-1.548923
-1.834739
-2.099132
-2.340122
-2.555922
-2.744949
-2.905839
-3.037456
-3.138900
-3.209520
-3.248912
-3.256927
-3.233669
-3.179496
-3.095014
-2.981074
-2.838764
-2.669397
-2.474505
-2.255820
-2.015262
-1.754923
-1.477048
-1.184017
-0.878324
-0.562556
-0.239370
0.088525
0.418397
0.747509
1.073145
1.392632
1.703361
2.002810
2.288565
2.558339
2.809992
3.041549
3.251214
3.437387
3.598675
3.733904
3.842129
3.922639
3.974964
3.998878
3.994400
3.961790
3.901552
3.814423
3.701368
3.563572
3.402426
3.219518
3.016616
2.795650
2.558701
2.307976
2.045793
1.774557
1.496739
1.214860
0.931458
0.649078
0.370240
0.097422
-0.166963
-0.420587
-0.661229
-0.886793
-1.095324
-1.285029
-1.454290
-1.601677
-1.725962
-1.826128
-1.901376
-1.951136
-1.975066
-1.973058
-1.945239
-1.891965
-1.813822
-1.711616
-1.586371
-1.439313
-1.271864
-1.085625
-0.882363
-0.663997
-0.432577
-0.190267
0.060672
0.317907
0.579050
0.841682
1.103372
1.361701
1.614283
1.858786
2.092952
2.314617
2.521733
2.712382
2.884798
3.037376
3.168693
3.277517
3.362816
3.423771
3.459784
3.470475
3.455696
3.415526
3.350269
3.260457
3.146838
3.010375
2.852236
2.673779
2.476547
2.262249
2.032746
1.790034
1.536229
1.273542
1.004265
0.730749
0.455381
0.180564
-0.091304
-0.357853
-0.616759
-0.865770
-1.102722
-1.325559
-1.532352
-1.721316
-1.890828
-2.039439
-2.165886
-2.269108
-2.348250
-2.402675
-2.431967
-2.435938
-2.414626
-2.368295
-2.297436
-2.202760
-2.085192
-1.945864
-1.786102
-1.607419
-1.411495
-1.200168
-0.975414
-0.739331
-0.494117
-0.242055
0.014511
0.273195
0.531594
0.787305
1.037950
1.281198
1.514783
1.736526
1.944357
2.136331
2.310648
2.465666
2.599920
2.712135
2.801237
2.866359
2.906859
