Circuit_Solver_Saved_Circuit
xxx
5 0
53 -19
50083 100
50100 948
50948 945
50348 83
50083 63
50063 858
50858 857
50959 970
50970 334
50334 341
24 130
24 145
-41 185 2
50187 190
50194 192
41 196 2
22 217
2 219
50221 227
50289 236
50304 251
23 285
50285 287
50287 289
50291 289
50296 291
50192 296
50190 298
50298 302
50304 302
50306 304
50307 306
23 307
50217 323
50323 332
-40 346 1
50287 393
50450 397
50306 412
50535 429
22 429
2 431
50442 433
40 444 1
-40 467 1
50817 499
-40 505 1
50613 507
50302 514
50729 517
50517 518
50548 535
50654 548
50662 556
50987 563
40 565 1
50576 566
50788 576
50649 596
50596 613
50628 622
50469 628
50747 641
22 641
2 643
50645 649
50660 654
50925 660
50667 662
50673 667
50620 673
50332 703
50703 716
40 718 1
50729 727
50770 747
50876 770
25 773
-40 784 1
50786 788
50833 817
50727 833
50888 835
50959 853
22 853
2 855
50227 863
50863 866
40 868 1
50884 876
50566 884
25 923
50940 925
50622 940
-40 943 1
50341 977
50977 987
25 994
