Circuit_Solver_Saved_Circuit_GV
xxx
5 0
53 -19
1 459 1
22 108
1 110 1
50165 112
50271 165
50169 165
2 171 2
50173 183
1 185 2
2 189 2
50193 191
1 195 1
50303 197
50372 266
50266 271
50183 342
50717 346
50342 346
3 358 7
1 362 1
50365 364
50577 365
50637 372
2 374 2
1 378 1
50382 380
22 390
1 392 3
50400 394
3 437 5
1 441 2
50496 443
5 455 5
50462 461
50409 462
22 484
1 486 1
50553 500
1 502 1
50506 504
5 551 10
50765 553
5 632 5
23 634
50647 637
3 702 5
1 706 1
50602 708
50720 717
1 722 4
22 749
1 751 2
1 767 1
3 779 5
1 783 2
50789 785
50683 789
3 824 5
1 828 1
22 865
1 867 1
50875 869
