Circuit_Solver_Saved_Circuit
xxx
5 0
53 -19
50063 55
50169 63
50080 63
50186 80
50273 114
50114 124
50055 161
22 161
2 163
50377 165
50503 185
50185 186
3 224
50228 226
50387 228
50124 230
50230 239
9 241
50251 243
50569 251
50273 270
50275 273
50292 289
50376 373
22 373
50535 376
50270 376
50379 377
50381 379
50909 379
50398 394
3 436
50440 438
11 442
23 444
3 453
50457 455
50487 479
50593 487
50504 503
3 512
50515 514
50621 515
50539 535
50698 539
50563 562
50479 585
50797 585
22 585
2 587
50748 589
50622 621
11 624
23 626
3 648
50652 650
50493 652
50663 661
50699 698
50857 698
5 718
50722 720
50765 748
50394 765
50875 769
3 777
50781 779
50675 781
50819 797
50289 819
50828 819
50875 857
50880 875
50562 880
50926 909
50661 926
