Circuit_Solver_Saved_Circuit_GV
xxx
5 0
53 -19
50372 637
50637 647
50875 865
50169 160
2 171 2
50187 173
50717 187
2 189 2
50197 191
50303 197
3 358 7
50365 360
50577 365
50160 372
22 372
2 374 2
50382 376
50400 390
22 390
3 437 5
50443 439
50496 443
5 455 5
50462 457
50409 462
50488 484
22 484
50553 500
50506 500
5 551 10
50765 553
5 632 5
23 634
3 702 5
50708 704
50602 708
50724 717
50753 749
22 749
50769 765
3 779 5
50789 781
50683 789
3 824 5
50830 826
22 865
