Circuit_Solver_Saved_Graph
0 -0.004664
1 -0.0056175
2 -0.010385
3 -0.027201
4 -0.0492672
5 -0.0762847
6 -0.107886
7 -0.143643
8 -0.183069
9 -0.225629
10 -0.270741
11 -0.317795
12 -0.366152
13 -0.415163
14 -0.464174
15 -0.512544
16 -0.559653
17 -0.604919
18 -0.647815
19 -0.687881
20 -0.724741
21 -0.758122
22 -0.787869
23 -0.813967
24 -0.836554
25 -0.855942
26 -0.872639
27 -0.887361
28 -0.901056
29 -0.914917
30 -0.930406
31 -0.949264
32 -0.973529
33 -1.00555
34 -1.04801
35 -1.10392
36 -1.17663
37 -1.26987
38 -1.3877
39 -1.53457
40 -1.71529
41 -1.93501
42 -2.19927
43 -2.51393
44 -2.88522
45 -3.31967
46 -3.82413
47 -4.40572
48 -5.07184
49 -5.83009
50 -6.68831
51 -7.65445
52 -8.73663
53 -9.94302
54 -11.2818
55 -12.7612
56 -14.3894
57 -16.1743
58 -18.1237
59 -20.2452
60 -22.546
61 -25.0331
62 -27.7129
63 -30.5914
64 -33.6739
65 -36.9652
66 -40.4694
67 -44.1898
68 -48.1289
69 -52.2884
70 -56.6688
71 -61.27
72 -66.0906
73 -71.1283
74 -76.3794
75 -81.8395
76 -87.5026
77 -93.3617
78 -99.4087
79 -105.634
80 -112.027
81 -118.576
82 -125.268
83 -132.089
84 -139.023
85 -146.054
86 -153.165
87 -160.337
88 -167.552
89 -174.788
90 -182.025
91 -189.241
92 -196.416
93 -203.525
94 -210.546
95 -217.457
96 -224.233
97 -230.853
98 -237.292
99 -243.529
100 -249.541
101 -255.306
102 -260.803
103 -266.013
104 -270.916
105 -275.494
106 -279.73
107 -283.609
108 -287.116
109 -290.24
110 -292.968
111 -295.293
112 -297.207
113 -298.705
114 -299.782
115 -300.439
116 -300.676
117 -300.496
118 -299.903
119 -298.905
120 -297.512
121 -295.733
122 -293.584
123 -291.079
124 -288.236
125 -285.073
126 -281.612
127 -277.875
128 -273.886
129 -269.671
130 -265.256
131 -260.669
132 -255.94
133 -251.097
134 -246.171
135 -241.193
136 -236.193
137 -231.202
138 -226.252
139 -221.372
140 -216.593
141 -211.944
142 -207.454
143 -203.149
144 -199.057
145 -195.2
146 -191.604
147 -188.289
148 -185.274
149 -182.577
150 -180.215
151 -178.198
152 -176.54
153 -175.248
154 -174.328
155 -173.784
156 -173.617
157 -173.825
158 -174.405
159 -175.351
160 -176.653
161 -178.3
162 -180.28
163 -182.575
164 -185.169
165 -188.041
166 -191.171
167 -194.535
168 -198.108
169 -201.864
170 -205.776
171 -209.817
172 -213.956
173 -218.164
174 -222.412
175 -226.67
176 -230.908
177 -235.096
178 -239.205
179 -243.207
180 -247.075
181 -250.781
182 -254.303
183 -257.614
184 -260.695
185 -263.525
186 -266.085
187 -268.36
188 -270.335
189 -272
190 -273.345
191 -274.363
192 -275.05
193 -275.404
194 -275.425
195 -275.117
196 -274.485
197 -273.538
198 -272.285
199 -270.739
200 -268.915
201 -266.829
202 -264.501
203 -261.949
204 -259.197
205 -256.267
206 -253.185
207 -249.975
208 -246.664
209 -243.28
210 -239.849
211 -236.399
212 -232.958
213 -229.553
214 -226.211
215 -222.959
216 -219.822
217 -216.824
218 -213.989
219 -211.338
220 -208.892
221 -206.669
222 -204.685
223 -202.956
224 -201.494
225 -200.308
226 -199.408
227 -198.799
228 -198.483
229 -198.463
230 -198.737
231 -199.301
232 -200.149
233 -201.273
234 -202.661
235 -204.302
236 -206.18
237 -208.28
238 -210.583
239 -213.068
240 -215.716
241 -218.502
242 -221.405
243 -224.398
244 -227.457
245 -230.557
246 -233.671
247 -236.774
248 -239.839
249 -242.842
250 -245.757
251 -248.56
252 -251.229
253 -253.741
254 -256.075
255 -258.213
256 -260.136
257 -261.829
258 -263.278
259 -264.471
260 -265.397
261 -266.05
262 -266.423
263 -266.513
264 -266.32
265 -265.844
266 -265.089
267 -264.06
268 -262.766
269 -261.216
270 -259.422
271 -257.398
272 -255.16
273 -252.724
274 -250.109
275 -247.335
276 -244.424
277 -241.398
278 -238.278
279 -235.09
280 -231.857
281 -228.602
282 -225.351
283 -222.127
284 -218.953
285 -215.853
286 -212.848
287 -209.961
288 -207.21
289 -204.616
290 -202.195
291 -199.962
292 -197.933
293 -196.12
294 -194.532
295 -193.178
296 -192.064
297 -191.195
298 -190.573
299 -190.198
300 -190.067
301 -190.176
302 -190.519
303 -191.087
304 -191.871
305 -192.858
306 -194.034
307 -195.384
308 -196.891
309 -198.537
310 -200.303
311 -202.169
312 -204.113
313 -206.113
314 -208.149
315 -210.196
316 -212.233
317 -214.238
318 -216.189
319 -218.063
320 -219.842
321 -221.504
322 -223.031
323 -224.406
324 -225.612
325 -226.634
326 -227.46
327 -228.079
328 -228.48
329 -228.656
330 -228.602
331 -228.314
332 -227.791
333 -227.032
334 -226.041
335 -224.822
336 -223.382
337 -221.729
338 -219.874
339 -217.829
340 -215.608
341 -213.226
342 -210.7
343 -208.048
344 -205.289
345 -202.444
346 -199.533
347 -196.578
348 -193.601
349 -190.625
350 -187.67
351 -184.761
352 -181.918
353 -179.163
354 -176.516
355 -173.998
356 -171.626
357 -169.419
358 -167.393
359 -165.562
360 -163.94
361 -162.538
362 -161.366
363 -160.431
364 -159.739
365 -159.295
366 -159.099
367 -159.152
368 -159.451
369 -159.992
370 -160.768
371 -161.772
372 -162.993
373 -164.419
374 -166.037
375 -167.832
376 -169.787
377 -171.883
378 -174.103
379 -176.426
380 -178.831
381 -181.297
382 -183.801
383 -186.321
384 -188.836
385 -191.322
386 -193.758
387 -196.121
388 -198.391
389 -200.548
390 -202.572
391 -204.446
392 -206.151
393 -207.673
394 -208.998
395 -210.113
396 -211.007
397 -211.672
398 -212.1
399 -212.287
400 -212.23
401 -211.926
402 -211.378
403 -210.588
404 -209.56
405 -208.302
406 -206.821
407 -205.128
408 -203.235
409 -201.156
410 -198.904
411 -196.497
412 -193.951
413 -191.285
414 -188.518
415 -185.671
416 -182.763
417 -179.815
418 -176.848
419 -173.884
420 -170.943
421 -168.045
422 -165.211
423 -162.46
424 -159.81
425 -157.279
426 -154.883
427 -152.638
428 -150.556
429 -148.651
430 -146.934
431 -145.413
432 -144.095
433 -142.987
434 -142.092
435 -141.412
436 -140.947
437 -140.697
438 -140.656
439 -140.821
440 -141.185
441 -141.739
442 -142.473
443 -143.376
444 -144.436
445 -145.638
446 -146.967
447 -148.409
448 -149.945
449 -151.56
450 -153.235
451 -154.952
452 -156.694
453 -158.442
454 -160.177
455 -161.884
456 -163.544
457 -165.14
458 -166.658
459 -168.083
460 -169.4
461 -170.597
462 -171.663
463 -172.588
464 -173.363
465 -173.982
466 -174.439
467 -174.729
468 -174.852
469 -174.805
470 -174.592
471 -174.213
472 -173.674
473 -172.98
474 -172.138
475 -171.158
476 -170.05
477 -168.823
478 -167.492
479 -166.07
480 -164.57
481 -163.007
482 -161.398
483 -159.758
484 -158.104
485 -156.452
486 -154.819
487 -153.221
488 -151.673
489 -150.193
490 -148.794
491 -147.49
492 -146.296
493 -145.224
494 -144.285
495 -143.488
496 -142.844
497 -142.359
498 -142.04
499 -141.89
500 -141.913
501 -142.11
502 -142.481
503 -143.025
504 -143.737
505 -144.613
506 -145.647
507 -146.831
508 -148.154
509 -149.608
510 -151.181
511 -152.858
512 -154.628
513 -156.474
514 -158.382
515 -160.336
516 -162.318
517 -164.314
518 -166.304
519 -168.273
520 -170.204
521 -172.079
522 -173.884
523 -175.601
524 -177.217
525 -178.718
526 -180.09
527 -181.32
528 -182.4
529 -183.318
530 -184.066
531 -184.638
532 -185.028
533 -185.233
534 -185.25
535 -185.078
536 -184.718
537 -184.173
538 -183.447
539 -182.545
540 -181.473
541 -180.242
542 -178.859
543 -177.336
544 -175.685
545 -173.919
546 -172.051
547 -170.097
548 -168.072
549 -165.992
550 -163.873
551 -161.732
552 -159.584
553 -157.448
554 -155.338
555 -153.271
556 -151.263
557 -149.327
558 -147.48
559 -145.732
560 -144.098
561 -142.587
562 -141.21
563 -139.975
564 -138.89
565 -137.96
566 -137.19
567 -136.583
568 -136.14
569 -135.86
570 -135.743
571 -135.784
572 -135.98
573 -136.323
574 -136.806
575 -137.422
576 -138.158
577 -139.005
578 -139.949
579 -140.978
580 -142.078
581 -143.235
582 -144.432
583 -145.654
584 -146.887
585 -148.112
586 -149.316
587 -150.481
588 -151.593
589 -152.636
590 -153.597
591 -154.46
592 -155.215
593 -155.847
594 -156.348
595 -156.706
596 -156.914
597 -156.965
598 -156.852
599 -156.571
600 -156.12
601 -155.497
602 -154.702
603 -153.736
604 -152.604
605 -151.308
606 -149.856
607 -148.254
608 -146.511
609 -144.637
610 -142.642
611 -140.539
612 -138.34
613 -136.058
614 -133.707
615 -131.303
616 -128.86
617 -126.394
618 -123.919
619 -121.451
620 -119.006
621 -116.597
622 -114.239
623 -111.945
624 -109.729
625 -107.602
626 -105.576
627 -103.66
628 -101.864
629 -100.193
630 -98.6556
631 -97.2551
632 -95.9952
633 -94.8776
634 -93.9025
635 -93.0686
636 -92.3731
637 -91.8117
638 -91.3787
639 -91.0669
640 -90.8678
641 -90.7717
642 -90.7674
643 -90.8431
644 -90.9857
645 -91.1812
646 -91.4152
647 -91.6724
648 -91.9371
649 -92.1934
650 -92.4252
651 -92.6165
652 -92.7512
653 -92.8138
654 -92.7891
655 -92.6626
656 -92.4204
657 -92.0498
658 -91.5389
659 -90.8771
660 -90.0549
661 -89.0644
662 -87.8991
663 -86.554
664 -85.0258
665 -83.3129
666 -81.4154
667 -79.3352
668 -77.0758
669 -74.6428
670 -72.0432
671 -69.2859
672 -66.3814
673 -63.3419
674 -60.1808
675 -56.9132
676 -53.5556
677 -50.1255
678 -46.6414
679 -43.1229
680 -39.5904
681 -36.0647
682 -32.5673
683 -29.1199
684 -25.7443
685 -22.4621
686 -19.295
687 -16.2641
688 -13.3898
689 -10.6919
690 -8.18919
691 -5.89954
692 -3.83943
693 -2.02404
694 -0.467005
695 0.819621
696 1.82554
697 2.54226
698 2.96322
699 3.08381
700 2.90144
701 2.41559
702 1.6278
703 0.541683
704 -0.837106
705 -2.50087
706 -4.43997
707 -6.64282
708 -9.09604
709 -11.7845
710 -14.6915
711 -17.7988
712 -21.0868
713 -24.5347
714 -28.1207
715 -31.822
716 -35.6152
717 -39.4762
718 -43.3808
719 -47.3045
720 -51.2228
721 -55.1114
722 -58.9465
723 -62.7048
724 -66.3638
725 -69.902
726 -73.2989
727 -76.5353
728 -79.5934
729 -82.4569
730 -85.1113
731 -87.5436
732 -89.7431
733 -91.7005
734 -93.4089
735 -94.8633
736 -96.0608
737 -97.0005
738 -97.6836
739 -98.1135
740 -98.2955
741 -98.2368
742 -97.9465
743 -97.4356
744 -96.7166
745 -95.8037
746 -94.7125
747 -93.4599
748 -92.0639
749 -90.5435
750 -88.9184
751 -87.209
752 -85.4362
753 -83.621
754 -81.7847
755 -79.948
756 -78.1318
757 -76.3563
758 -74.6408
759 -73.0041
760 -71.4637
761 -70.036
762 -68.7361
763 -67.5776
764 -66.5725
765 -65.7312
766 -65.0621
767 -64.5719
768 -64.2651
769 -64.1447
770 -64.2111
771 -64.4632
772 -64.8974
773 -65.5085
774 -66.2891
775 -67.23
776 -68.3202
777 -69.547
778 -70.8958
779 -72.351
780 -73.8951
781 -75.5098
782 -77.1755
783 -78.8717
784 -80.5775
785 -82.271
786 -83.9304
787 -85.5334
788 -87.0579
789 -88.4822
790 -89.7847
791 -90.9446
792 -91.942
793 -92.7579
794 -93.3745
795 -93.7752
796 -93.9451
797 -93.8707
798 -93.5405
799 -92.9446
800 -92.0754
801 -90.9272
802 -89.4961
803 -87.781
804 -85.7825
805 -83.5036
806 -80.9495
807 -78.1277
808 -75.0475
809 -71.7208
810 -68.161
811 -64.3837
812 -60.4063
813 -56.2477
814 -51.9287
815 -47.4711
816 -42.8981
817 -38.2339
818 -33.5036
819 -28.7331
820 -23.9485
821 -19.1763
822 -14.4432
823 -9.77551
824 -5.1994
825 -0.74038
826 3.57675
827 7.72816
828 11.6911
829 15.4443
830 18.9676
831 22.243
832 25.2537
833 27.9854
834 30.4253
835 32.5631
836 34.3905
837 35.9015
838 37.0925
839 37.9622
840 38.5116
841 38.7442
842 38.6655
843 38.2837
844 37.6089
845 36.6533
846 35.4314
847 33.9593
848 32.2551
849 30.3384
850 28.2303
851 25.9533
852 23.5309
853 20.9876
854 18.3487
855 15.6399
856 12.8874
857 10.1174
858 7.35622
859 4.62967
860 1.96321
861 -0.618379
862 -3.09121
863 -5.43245
864 -7.62049
865 -9.63512
866 -11.4577
867 -13.0712
868 -14.4604
869 -15.6122
870 -16.5153
871 -17.1606
872 -17.541
873 -17.6518
874 -17.4905
875 -17.0567
876 -16.3522
877 -15.3811
878 -14.1495
879 -12.6658
880 -10.9401
881 -8.98447
882 -6.81285
883 -4.44073
884 -1.88509
885 0.835712
886 3.70216
887 6.69372
888 9.78903
889 12.9661
890 16.2025
891 19.4754
892 22.7622
893 26.0402
894 29.2871
895 32.4811
896 35.601
897 38.6267
898 41.539
899 44.3198
900 46.9525
901 49.4219
902 51.7145
903 53.8184
904 55.7235
905 57.4216
906 58.9065
907 60.174
908 61.2216
909 62.0492
910 62.6584
911 63.0531
912 63.2388
913 63.223
914 63.0151
915 62.6259
916 62.0682
917 61.356
918 60.5046
919 59.5308
920 58.452
921 57.2869
922 56.0548
923 54.7753
924 53.4686
925 52.1551
926 50.855
927 49.5886
928 48.3754
929 47.2348
930 46.1853
931 45.2445
932 44.4289
933 43.754
934 43.2339
935 42.8811
936 42.7069
937 42.7207
938 42.9301
939 43.3411
940 43.9578
941 44.7824
942 45.8151
943 47.0543
944 48.4965
945 50.1364
946 51.9668
947 53.9788
948 56.1619
949 58.5038
950 60.991
951 63.6086
952 66.3404
953 69.1692
954 72.0768
955 75.0445
956 78.0528
957 81.0817
958 84.1112
959 87.1211
960 90.0913
961 93.002
962 95.8339
963 98.5683
964 101.187
965 103.674
966 106.013
967 108.188
968 110.188
969 112
970 113.614
971 115.021
972 116.215
973 117.19
974 117.944
975 118.475
976 118.784
977 118.873
978 118.747
979 118.411
980 117.873
981 117.143
982 116.232
983 115.152
984 113.918
985 112.544
986 111.047
987 109.444
988 107.753
989 105.993
990 104.184
991 102.343
992 100.493
993 98.6505
994 96.8367
995 95.0702
996 93.3695
997 91.7524
998 90.2357
999 88.8353
1000 87.5659
1001 86.441
1002 85.4724
1003 84.6708
1004 84.045
1005 83.6022
1006 83.3478
1007 83.2855
1008 83.4171
1009 83.7427
1010 84.2603
1011 84.9663
1012 85.8553
1013 86.9201
1014 88.1519
1015 89.5402
1016 91.0732
1017 92.7375
1018 94.5187
1019 96.4011
1020 98.3681
1021 100.402
1022 102.485
1023 104.244
