0.000000
-0.005721
-0.011364
-0.016854
-0.022116
-0.027079
-0.031673
-0.035838
-0.039516
-0.042656
-0.045215
-0.047160
-0.048466
-0.049120
-0.049119
-0.048473
-0.047206
-0.045355
-0.042973
-0.040129
-0.036906
-0.033407
-0.029751
-0.026075
-0.022535
-0.019305
-0.016577
-0.014565
-0.013496
-0.013619
-0.015199
-0.018518
-0.023874
-0.031578
-0.041957
-0.055346
-0.072095
-0.092557
-0.117095
-0.146071
-0.179852
-0.218802
-0.263277
-0.313630
-0.370199
-0.433310
-0.503268
-0.580360
-0.664844
-0.756952
-0.856882
-0.964796
-1.080815
-1.205020
-1.337441
-1.478061
-1.626811
-1.783565
-1.948137
-2.120285
-2.299703
-2.486021
-2.678806
-2.877558
-3.081714
-3.290645
-3.503657
-3.719995
-3.938842
-4.159323
-4.380508
-4.601413
-4.821008
-5.038218
-5.251931
-5.461002
-5.664257
-5.860505
-6.048538
-6.227146
-6.395116
-6.551247
-6.694356
-6.823283
-6.936905
-7.034139
-7.113956
-7.175385
-7.217523
-7.239544
-7.240704
-7.220353
-7.177938
-7.113012
-7.025239
-6.914402
-6.780403
-6.623273
-6.443171
-6.240390
-6.015356
-5.768631
-5.500913
-5.213033
-4.905956
-4.580776
-4.238715
-3.881114
-3.509433
-3.125238
-2.730198
-2.326078
-1.914724
-1.498058
-1.078066
-0.656784
-0.236293
0.181303
0.593881
0.999319
1.395504
1.780350
2.151810
2.507889
2.846658
3.166270
3.464968
3.741102
3.993139
4.219675
4.419445
4.591335
4.734390
4.847819
4.931008
4.983522
5.005109
4.995706
4.955442
4.884635
4.783795
4.653622
4.495003
4.309004
4.096870
3.860016
3.600016
3.318598
3.017630
2.699110
2.365153
2.017978
1.659891
1.293275
0.920567
0.544249
0.166826
-0.209190
-0.581296
-0.947014
-1.303914
-1.649623
-1.981848
-2.298391
-2.597161
-2.876194
-3.133663
-3.367893
-3.577375
-3.760771
-3.916932
-4.044898
-4.143914
-4.213426
-4.253095
-4.262790
-4.242597
-4.192815
-4.113954
-4.006731
-3.872066
-3.711076
-3.525066
-3.315516
-3.084077
-2.832554
-2.562893
-2.277169
-1.977567
-1.666371
-1.345939
-1.018695
-0.687103
-0.353652
-0.020836
0.308860
0.632989
0.949147
1.255004
1.548312
1.826927
2.088823
2.332108
2.555038
2.756032
2.933680
3.086756
3.214226
3.315259
3.389228
3.435717
3.454524
3.445663
3.409362
3.346059
3.256403
3.141246
3.001635
2.838805
2.654167
2.449300
2.225936
1.985947
1.731328
1.464185
1.186712
0.901183
0.609923
0.315299
0.019695
-0.274505
-0.564933
-0.849262
-1.125217
-1.390600
-1.643301
-1.881318
-2.102775
-2.305929
-2.489193
-2.651140
-2.790520
-2.906267
-2.997505
-3.063561
-3.103962
-3.118445
-3.106953
-3.069640
-3.006865
-2.919192
-2.807382
-2.672390
-2.515351
-2.337577
-2.140542
-1.925869
-1.695319
-1.450776
-1.194229
-0.927759
-0.653519
-0.373716
-0.090597
0.193575
0.476535
0.756036
1.029868
1.295877
1.551979
1.796180
2.026589
2.241438
2.439091
2.618061
2.777018
2.914804
3.030438
3.123127
3.192267
3.237455
3.258483
3.255346
3.228240
3.177556
3.103880
3.007988
2.890836
2.753552
2.597429
2.423912
2.234583
2.031153
1.815441
1.589364
1.354917
1.114157
0.869188
0.622139
0.375148
0.130347
-0.110161
-0.344317
-0.570123
-0.785659
-0.989101
-1.178731
-1.352957
-1.510324
-1.649524
-1.769409
-1.869001
-1.947496
-2.004276
-2.038910
-2.051157
-2.040969
-2.008494
-1.954067
-1.878215
-1.781645
-1.665243
-1.530064
-1.377322
-1.208381
-1.024743
-0.828033
-0.619990
-0.402444
-0.177308
0.053441
0.287780
0.523659
0.759011
0.991778
1.219925
1.441455
1.654430
1.856985
2.047344
2.223837
2.384911
2.529143
2.655256
2.762127
2.848794
2.914470
2.958545
2.980590
2.980365
2.957819
2.913088
2.846497
2.758556
2.649954
2.521555
2.374391
2.209652
2.028676
1.832936
1.624032
1.403672
1.173664
0.935894
0.692314
0.444925
0.195759
-0.053137
-0.299716
-0.541954
-0.777861
-1.005502
-1.223009
-1.428600
-1.620593
-1.797419
-1.957634
-2.099935
-2.223166
-2.326331
-2.408598
-2.469312
-2.507992
-2.524344
-2.518253
-2.489794
-2.439221
-2.366973
-2.273665
-2.160083
-2.027180
-1.876065
-1.707992
-1.524354
-1.326666
-1.116556
-0.895749
-0.666052
-0.429340
-0.187540
0.057385
0.303454
0.548684
0.791105
1.028777
1.259809
1.482370
1.694707
1.895159
2.082171
2.254303
2.410247
2.548835
2.669046
2.770017
2.851051
2.911614
2.951351
2.970077
2.967784
2.944639
2.900980
2.837316
2.754318
2.652813
2.533780
2.398337
2.247731
2.083328
1.906603
1.719121
1.522529
1.318538
1.108908
0.895435
0.679935
0.464226
0.250113
0.039376
-0.166250
-0.365087
-0.555528
-0.736053
-0.905239
-1.061771
-1.204458
-1.332236
-1.444182
-1.539518
-1.617617
-1.678012
-1.720391
-1.744609
-1.750679
-1.738778
-1.709239
-1.662553
-1.599359
-1.520438
-1.426711
-1.319223
-1.199135
-1.067717
-0.926331
-0.776423
-0.619506
-0.457147
-0.290955
-0.122565
0.046378
0.214231
0.379371
0.540207
0.695194
0.842849
0.981762
1.110609
1.228165
1.333311
1.425048
1.502503
1.564939
1.611758
1.642506
1.656883
1.654735
1.636066
1.601029
1.549929
1.483218
1.401491
1.305481
1.196053
1.074193
0.941003
0.797685
0.645539
0.485941
0.320339
0.150235
-0.022826
-0.197273
-0.371518
-0.543976
-0.713074
-0.877270
-1.035061
-1.185003
-1.325718
-1.455910
-1.574374
-1.680009
-1.771826
-1.848958
-1.910666
-1.956347
-1.985540
-1.997926
-1.993336
-1.971750
-1.933294
-1.878247
-1.807028
-1.720202
-1.618467
-1.502653
-1.373713
-1.232713
-1.080826
-0.919316
-0.749533
-0.572897
-0.390887
-0.205026
-0.016871
0.172005
0.360022
0.545611
0.727229
0.903365
1.072564
1.233429
1.384642
1.524970
1.653280
1.768544
1.869853
1.956420
2.027593
2.082853
2.121825
2.144277
2.150124
2.139428
2.112397
2.069383
2.010878
1.937512
1.850044
1.749357
1.636450
1.512426
1.378489
1.235925
1.086095
0.930422
0.770379
0.607473
0.443236
0.279207
0.116920
-0.042108
-0.196394
-0.344500
-0.485045
-0.616719
-0.738295
-0.848637
-0.946713
-1.031603
-1.102507
-1.158752
-1.199798
-1.225243
-1.234826
-1.228429
-1.206077
-1.167942
-1.114334
-1.045705
-0.962640
-0.865853
-0.756184
-0.634584
-0.502111
-0.359922
-0.209257
-0.051432
0.112175
0.280135
0.450984
0.623233
0.795383
0.965940
1.133427
1.296398
1.453450
1.603239
1.744489
1.876005
1.996686
2.105532
2.201653
2.284281
2.352774
2.406623
2.445456
2.469043
2.477297
2.470276
2.448181
2.411358
2.360289
2.295594
2.218022
2.128443
2.027845
1.917322
1.798061
1.671340
1.538506
1.400970
1.260191
1.117664
0.974904
0.833434
0.694771
0.560408
0.431807
0.310378
0.197469
0.094355
0.002219
-0.077850
-0.144877
-0.198003
-0.236502
-0.259779
-0.267384
-0.259017
-0.234525
-0.193912
-0.137339
-0.065118
0.022281
0.124240
0.239992
0.368631
0.509117
0.660282
0.820844
0.989412
1.164503
1.344551
1.527918
1.712913
1.897803
2.080830
2.260222
2.434214
2.601060
2.759047
2.906515
3.041868
3.163589
3.270255
3.360549
3.433271
3.487354
3.521868
3.536035
3.529232
3.501001
3.451052
3.379269
3.285710
3.170612
3.034386
2.877615
2.701056
2.505628
2.292412
2.062638
1.817679
1.559040
1.288346
1.007330
0.717821
0.421727
0.121020
-0.182275
-0.486104
-0.788392
-1.087067
-1.380071
-1.665380
-1.941022
-2.205086
-2.455746
-2.691272
-2.910043
-3.110563
-3.291472
-3.451558
-3.589766
-3.705208
-3.797170
-3.865117
-3.908700
-3.927756
-3.922311
-3.892583
-3.838972
-3.762066
-3.662631
-3.541605
-3.400093
-3.239356
-3.060800
-2.865965
-2.656513
-2.434215
-2.200934
-1.958608
-1.709242
-1.454881
-1.197599
-0.939482
-0.682608
-0.429030
-0.180761
0.060244
0.292107
0.513037
0.721350
0.915481
1.093996
1.255607
1.399179
1.523744
1.628502
1.712837
1.776315
1.818687
1.839897
1.840078
1.819550
1.778820
1.718575
1.639678
1.543158
1.430205
1.302154
1.160480
1.006777
0.842755
0.670213
0.491033
0.307160
0.120584
-0.066676
-0.252590
-0.435133
-0.612307
-0.782154
-0.942774
-1.092345
-1.229136
-1.351523
-1.458004
-1.547211
-1.617926
-1.669087
-1.699803
-1.709358
-1.697222
-1.663051
-1.606696
-1.528205
-1.427817
-1.305969
-1.163289
-1.000592
-0.818872
-0.619301
-0.403211
-0.172091
0.072430
0.328591
0.594520
0.868241
1.147698
1.430765
1.715270
1.999005
2.279754
2.555301
2.823456
3.082070
3.329055
3.562396
3.780177
3.980589
4.161949
4.322713
4.461493
4.577061
4.668368
4.734548
4.774929
4.789036
4.776596
4.737544
4.672021
4.580373
4.463153
4.321112
4.155196
3.966539
3.756455
3.526423
3.278083
3.013217
2.733738
2.441674
2.139152
1.828381
1.511634
1.191231
0.869519
0.548857
0.231591
-0.079960
-0.383522
-0.676890
-0.957937
-1.224639
-1.475084
-1.707492
-1.920230
-2.111818
-2.280948
-2.426490
-2.547502
-2.643236
-2.713147
-2.756891
-2.774333
-2.765544
-2.730802
-2.670587
-2.585578
-2.476646
-2.344847
-2.191413
-2.017740
-1.825378
-1.616017
-1.391470
-1.153663
-0.904616
-0.646423
-0.381242
-0.111270
0.161272
0.434157
0.705173
0.972136
1.232915
1.485443
1.727736
1.957912
2.174201
2.374963
2.558698
2.724063
2.869874
2.995124
3.098985
3.180814
3.240162
3.276771
3.290580
3.281721
3.250519
3.197486
3.123320
3.028894
2.915247
2.783579
2.635236
2.471699
2.294571
2.105562
1.906474
1.699185
1.485631
1.267794
1.047679
0.827298
0.608654
0.393724
0.184439
-0.017329
-0.209786
-0.391228
-0.560062
-0.714809
-0.854128
-0.976818
-1.081834
-1.168292
-1.235477
-1.282851
-1.310055
-1.316910
-1.303421
-1.269777
-1.216345
-1.143670
-1.052466
-0.943613
-0.818148
-0.677254
-0.522249
-0.354576
-0.175789
0.012461
0.208439
0.410346
0.616329
0.824503
1.032963
1.239804
1.443136
1.641102
1.831893
2.013765
2.185054
2.344189
2.489707
2.620268
2.734663
2.831824
2.910838
2.970950
3.011574
3.032291
3.032862
3.013220
2.973480
2.913928
2.835028
2.737411
2.621870
2.489357
2.340969
2.177944
2.001645
1.813549
1.615238
1.408377
1.194708
0.976028
0.754178
0.531022
0.308434
0.088282
-0.127593
-0.337389
-0.539359
-0.731828
-0.913209
-1.082012
-1.236864
-1.376513
-1.499848
-1.605899
-1.693853
-1.763060
-1.813034
-1.843462
-1.854206
-1.845299
-1.816954
-1.769553
-1.703648
-1.619955
-1.519347
-1.402849
-1.271623
-1.126964
-0.970284
-0.803101
-0.627024
-0.443740
-0.255001
-0.062601
0.131631
0.325855
0.518232
0.706942
0.890202
1.066278
1.233506
1.390303
1.535181
1.666767
1.783805
1.885178
1.969910
2.037182
2.086334
2.116873
