Circuit_Solver_Saved_Circuit
xxx
5 0
53 -19
50925 819
50077 183
25 53
19 55 10
50 59 1
50 63 1
50 67 1
50 71 1
50 75 1
50 79 1
50 83 1
50 87 1
50 91 1
50 95 1
50 99 1
19 103 10
25 105
25 159
19 161 10
50 165 1
50 169 1
50 173 1
50 177 1
50 181 1
50 185 1
50 189 1
50 193 1
50 197 1
50 201 1
50 205 1
19 209 10
25 211
25 265
19 267 10
50 271 1
50 275 1
50 279 1
50 283 1
50 287 1
50 291 1
50 295 1
50 299 1
50195 301
50 303 1
50 307 1
50 311 1
19 315 10
25 317
25 371
19 373 10
50 377 1
50 381 1
50 385 1
50 389 1
50 393 1
50 397 1
50293 399
50 401 1
50 405 1
50 409 1
50 413 1
50 417 1
19 421 10
25 423
25 477
30 479 1
20 483 1
50 487 1
50 491 1
50599 493
50387 493
50 495 1
50 499 1
50 503 1
50 507 1
50 511 1
50 515 1
50 519 1
50 523 1
19 527 10
25 529
25 583
19 585 10
50 589 1
50 593 1
50 597 1
50 601 1
50 605 1
50 609 1
50717 611
50 613 1
50 617 1
50 621 1
50 625 1
50 629 1
19 633 10
25 635
25 689
19 691 10
50 695 1
50 699 1
50 703 1
50 707 1
50 711 1
50 715 1
50 719 1
50 723 1
50831 725
50 727 1
50 731 1
50 735 1
19 739 10
25 741
25 795
19 797 10
50 801 1
50 805 1
50 809 1
50 813 1
50 817 1
50 821 1
50 825 1
50 829 1
50 833 1
50 837 1
50 841 1
19 845 10
25 847
25 901
19 903 10
50 907 1
50 911 1
50 915 1
50 919 1
50 923 1
50 927 1
50 931 1
50 935 1
50 939 1
50 943 1
50 947 1
19 951 10
25 953
