Circuit_Solver_Saved_Circuit
xxx
5 0
53 -19
50127 74
22 74
50136 83
22 83
50145 92
22 92
50839 97
22 97
50259 100
22 100
50209 103
22 103
25 126
25 135
25 144
50128 181
50129 182
50190 182
50181 182
50137 190
50138 191
50199 191
50190 191
50146 199
50147 200
50209 200
50199 200
50368 209
1002 218
50263 259
50528 263
50435 276
50276 286
50286 339
50444 339
50436 340
50341 347
50453 348
50445 349
50350 356
50940 357
50454 358
25 359
50367 368
50437 384
50384 393
50446 393
50393 402
50455 402
50402 416
-7 418
50500 447
50526 473
50438 491
50491 500
50509 500
50456 509
50526 509
50685 526
50526 528
50744 585
50585 595
50753 648
50595 648
50745 649
50650 656
50762 657
50754 658
50659 665
50931 666
50763 667
25 668
50746 693
50693 702
50711 702
50734 711
50764 711
-7 736
50800 747
50702 755
50818 765
50844 791
50809 800
50818 809
50756 809
50839 818
50844 839
50957 904
50907 904
23 904
23 907
50966 913
23 913
50975 922
23 922
23 931
53 935
23 940
50959 965
50968 974
25 977
50109 1124
51230 1124
50110 1128
50111 1132
51291 1132
50112 1136
51348 1136
50113 1140
51352 1140
50114 1144
51303 1144
50115 1148
51231 1230
24 1231
6 1346
-6 1354
51128 1393
51393 1397
51413 1409
51148 1413
51760 1495
51495 1499
51515 1511
51780 1515
6 1554
51768 1556
51772 1560
-6 1562
51764 1605
51776 1617
51680 1678
25 1680
50321 1760
50322 1764
50323 1768
50324 1772
50325 1776
50326 1780
50327 1784
51678 1784
52176 2017
52017 2041
52082 2069
50126 2082
52188 2082
50127 2086
50128 2090
50129 2094
52041 2094
52090 2143
52143 2145
52193 2188
7 2231
52392 2233
7 2248
52069 2281
52281 2282
52308 2299
52414 2308
52403 2350
52086 2351
52355 2351
52350 2351
52726 2355
52145 2357
52403 2402
3 2412
52758 2440
52440 2441
3 2447
52608 2449
7 2458
52463 2460
5 2496
52562 2509
52653 2547
52561 2551
52402 2561
52571 2562
52827 2562
52730 2571
52621 2616
52250 2621
52657 2653
52551 2657
5 2663
52718 2665
3 2712
50338 2718
50339 2722
52616 2722
50340 2726
50341 2730
52763 2758
52763 2816
52816 2827
53130 2971
52971 2995
53036 3023
50135 3036
53142 3036
50136 3040
50137 3044
50138 3048
52995 3048
53044 3097
53097 3099
53147 3142
7 3185
53346 3187
7 3202
53023 3235
53235 3236
53262 3253
53368 3262
53357 3304
53040 3305
53309 3305
53304 3305
53680 3309
53099 3311
53357 3356
3 3366
53712 3394
53394 3395
3 3401
53562 3403
7 3412
53417 3414
5 3450
53516 3463
53607 3501
53515 3505
53356 3515
53525 3516
53781 3516
53684 3525
53575 3570
53204 3575
53611 3607
53505 3611
5 3617
53672 3619
3 3666
50347 3672
50348 3676
53570 3676
50349 3680
50350 3684
53717 3712
53717 3770
53770 3781
54084 3925
53925 3949
53990 3977
50144 3990
54096 3990
50145 3994
50146 3998
50147 4002
53949 4002
53998 4051
54051 4053
54101 4096
7 4139
54300 4141
7 4156
53977 4189
54189 4190
54216 4207
54322 4216
54311 4258
53994 4259
54263 4259
54258 4259
54634 4263
54053 4265
54311 4310
3 4320
54666 4348
54348 4349
3 4355
54516 4357
7 4366
54371 4368
5 4404
54470 4417
54561 4455
54469 4459
54310 4469
54479 4470
54735 4470
54638 4479
54529 4524
54158 4529
54565 4561
54459 4565
5 4571
54626 4573
3 4620
50356 4626
50357 4630
54524 4630
50358 4634
50359 4638
54671 4666
54671 4724
54724 4735
55038 4879
54879 4903
54944 4931
50435 4944
55050 4944
50436 4948
50437 4952
50438 4956
54903 4956
54952 5005
55005 5007
55055 5050
7 5093
55254 5095
7 5110
54931 5143
55143 5144
55170 5161
55276 5170
55265 5212
54948 5213
55217 5213
55212 5213
55588 5217
55007 5219
55265 5264
3 5274
55620 5302
55302 5303
3 5309
55470 5311
7 5320
55325 5322
5 5358
55424 5371
55515 5409
55423 5413
55264 5423
55433 5424
55689 5424
55592 5433
55483 5478
55112 5483
55519 5515
55413 5519
5 5525
55580 5527
3 5574
50647 5580
50648 5584
55478 5584
50649 5588
50650 5592
55625 5620
55625 5678
55678 5689
55992 5833
55833 5857
55898 5885
50444 5898
56004 5898
50445 5902
50446 5906
50447 5910
55857 5910
55906 5959
55959 5961
56009 6004
7 6047
56208 6049
7 6064
55885 6097
56097 6098
56124 6115
56230 6124
56219 6166
55902 6167
56171 6167
56166 6167
56542 6171
55961 6173
56219 6218
3 6228
56574 6256
56256 6257
3 6263
56424 6265
7 6274
56279 6276
5 6312
56378 6325
56469 6363
56377 6367
56218 6377
56387 6378
56643 6378
56546 6387
56437 6432
56066 6437
56473 6469
56367 6473
5 6479
56534 6481
3 6528
50656 6534
50657 6538
56432 6538
50658 6542
50659 6546
56579 6574
56579 6632
56632 6643
56946 6787
56787 6811
56852 6839
50453 6852
56958 6852
50454 6856
50455 6860
50456 6864
56811 6864
56860 6913
56913 6915
56963 6958
7 7001
57162 7003
7 7018
56839 7051
57051 7052
57078 7069
57184 7078
57173 7120
56856 7121
57125 7121
57120 7121
57496 7125
56915 7127
57173 7172
3 7182
57528 7210
57210 7211
3 7217
57378 7219
7 7228
57233 7230
5 7266
57332 7279
57423 7317
57331 7321
57172 7331
57341 7332
57597 7332
57500 7341
57391 7386
57020 7391
57427 7423
57321 7427
5 7433
57488 7435
3 7482
50665 7488
50666 7492
57386 7492
50667 7496
50668 7500
57533 7528
57533 7586
57586 7597
57900 7741
57741 7765
57806 7793
50744 7806
57912 7806
50745 7810
50746 7814
50747 7818
57765 7818
57814 7867
57867 7869
57917 7912
7 7955
58116 7957
7 7972
57793 8005
58005 8006
58032 8023
58138 8032
58127 8074
57810 8075
58079 8075
58074 8075
58450 8079
57869 8081
58127 8126
3 8136
58482 8164
58164 8165
3 8171
58332 8173
7 8182
58187 8184
5 8220
58286 8233
58377 8271
58285 8275
58126 8285
58295 8286
58551 8286
58454 8295
58345 8340
57974 8345
58381 8377
58275 8381
5 8387
58442 8389
3 8436
50956 8442
50957 8446
58340 8446
50958 8450
50959 8454
58487 8482
58487 8540
58540 8551
58854 8695
58695 8719
58760 8747
50753 8760
58866 8760
50754 8764
50755 8768
50756 8772
58719 8772
58768 8821
58821 8823
58871 8866
7 8909
59070 8911
7 8926
58747 8959
58959 8960
58986 8977
59092 8986
59081 9028
58764 9029
59033 9029
59028 9029
59404 9033
58823 9035
59081 9080
3 9090
59436 9118
59118 9119
3 9125
59286 9127
7 9136
59141 9138
5 9174
59240 9187
59331 9225
59239 9229
59080 9239
59249 9240
59505 9240
59408 9249
59299 9294
58928 9299
59335 9331
59229 9335
5 9341
59396 9343
3 9390
50965 9396
50966 9400
59294 9400
50967 9404
50968 9408
59441 9436
59441 9494
59494 9505
-
59808 9649
59649 9673
59714 9701
50762 9714
59820 9714
50763 9718
50764 9722
50765 9726
59673 9726
59722 9775
59775 9777
59825 9820
7 9863
60024 9865
7 9880
59701 9913
59913 9914
59940 9931
60046 9940
60035 9982
59718 9983
59987 9983
59982 9983
59777 9989
60035 10034
3 10044
60072 10073
3 10079
