Circuit_Solver_Saved_Circuit
xxx
5 0
53 -19
50333 332
50333 492
50327 328
50116 115
19 118 2e-05
50121 120
50280 121
19 123 1e-06
50128 125
28 130 0.0001
50133 132
20 135 50
50296 137
-20 221 200
19 282 2e-06
50287 284
28 289 0.003
50292 291
20 294 100
50508 296
50486 327
19 330 0.0001
-20 390 20
50398 392
50504 398
50645 486
30 488 40
50810 492
50490 492
50280 333
19 494 1e-06
50392 498
50496 498
20 500 30
50661 502
28 506 0.0012
50656 645
25 656
50656 661
50667 661
50508 667
20 712 30
50715 714
20 717 20
50720 719
50667 720
50645 804
28 806 0.0007
50810 808
28 812 0.0001
50816 814
50710 816
19 818 3e-07
50821 820
20 823 45
50826 825
50720 826
50804 910
20 912 200
50916 914
19 918 2.5e-06
50814 920
50922 920
20 924 400
50927 926
20 929 300
50932 931
50826 932
