0.000000
-0.005862
-0.011643
-0.017258
-0.022613
-0.027603
-0.032106
-0.035983
-0.039070
-0.041180
-0.042097
-0.041576
-0.039343
-0.035092
-0.028486
-0.019158
-0.006711
0.009280
0.029265
0.053715
0.083120
0.117985
0.158822
0.206150
0.260483
0.322329
0.392180
0.470509
0.557757
0.654332
0.760600
0.876873
1.003410
1.140404
1.287977
1.446178
1.614969
1.794226
1.983735
2.183183
2.392159
2.610150
2.836541
3.070611
3.311538
3.558397
3.810165
4.065720
4.323851
4.583259
4.842567
5.100324
5.355015
5.605071
5.848878
6.084788
6.311129
6.526220
6.728382
6.915953
7.087295
7.240816
7.374979
7.488316
7.579440
7.647063
7.690004
7.707204
7.697735
7.660814
7.595813
7.502264
7.379873
7.228521
7.048274
6.839388
6.602306
6.337666
6.046300
5.729228
5.387662
5.022996
4.636803
4.230827
3.806974
3.367301
2.914006
2.449412
1.975958
1.496178
1.012689
0.528171
0.045349
-0.433020
-0.904176
-1.365368
-1.813874
-2.247025
-2.662222
-3.056954
-3.428822
-3.775550
-4.095010
-4.385235
-4.644435
-4.871012
-5.063574
-5.220948
-5.342188
-5.426585
-5.473675
-5.483244
-5.455330
-5.390227
-5.288485
-5.150906
-4.978540
-4.772682
-4.534861
-4.266830
-3.970559
-3.648217
-3.302159
-2.934912
-2.549153
-2.147694
-1.733458
-1.309463
-0.878796
-0.444592
-0.010011
0.421785
0.847656
1.264506
1.669310
2.059131
2.431146
2.782667
3.111159
3.414263
3.689809
3.935838
4.150613
4.332635
4.480650
4.593666
4.670953
4.712053
4.716785
4.685241
4.617789
4.515071
4.377995
4.207728
4.005692
3.773546
3.513177
3.226685
2.916366
2.584693
2.234298
1.867952
1.488540
1.099043
0.702510
0.302037
-0.099257
-0.498257
-0.891875
-1.277073
-1.650891
-2.010463
-2.353048
-2.676044
-2.977014
-3.253701
-3.504047
-3.726208
-3.918573
-4.079767
-4.208670
-4.304423
-4.366429
-4.394367
-4.388184
-4.348100
-4.274607
-4.168460
-4.030672
-3.862506
-3.665463
-3.441270
-3.191867
-2.919385
-2.626135
-2.314585
-1.987341
-1.647124
-1.296750
-0.939103
-0.577115
-0.213740
0.148067
0.505381
0.855323
1.195089
1.521969
1.833370
2.126839
2.400079
2.650971
2.877589
3.078213
3.251348
3.395728
3.510335
3.594398
3.647404
3.669097
3.659485
3.618832
3.547663
3.446751
3.317114
3.160007
2.976905
2.769497
2.539667
2.289477
2.021152
1.737062
1.439695
1.131644
0.815580
0.494230
0.170355
-0.153271
-0.473889
-0.788776
-1.095266
-1.390774
-1.672817
-1.939035
-2.187207
-2.415276
-2.621359
-2.803764
-2.961007
-3.091820
-3.195161
-3.270225
-3.316446
-3.333505
-3.321328
-3.280090
-3.210206
-3.112335
-2.987369
-2.836421
-2.660825
-2.462113
-2.242008
-2.002408
-1.745367
-1.473077
-1.187854
-0.892109
-0.588338
-0.279090
0.033047
0.345472
0.655592
0.960846
1.258722
1.546784
1.822686
2.084200
2.329227
2.555816
2.762184
2.946728
3.108035
3.244900
3.356330
3.441553
3.500026
3.531437
3.535707
3.512988
3.463665
3.388349
3.287871
3.163274
3.015806
2.846903
2.658182
2.451421
2.228548
1.991621
1.742808
1.484373
1.218651
0.948031
0.674933
0.401787
0.131015
-0.134995
-0.393905
-0.643451
-0.881460
-1.105869
-1.314743
-1.506291
-1.678882
-1.831058
-1.961547
-2.069272
-2.153362
-2.213155
-2.248211
-2.258305
-2.243438
-2.203829
-2.139918
-2.052358
-1.942009
-1.809933
-1.657381
-1.485785
-1.296739
-1.091992
-0.873428
-0.643050
-0.402962
-0.155353
0.097527
0.353382
0.609895
0.864743
1.115622
1.360264
1.596459
1.822072
2.035064
2.233507
2.415605
2.579703
2.724308
2.848097
2.949931
3.028864
3.084151
3.115254
3.121847
3.103818
3.061271
2.994524
2.904105
2.790750
2.655394
2.499164
2.323369
2.129487
1.919155
1.694152
1.456384
1.207869
0.950720
0.687121
0.419316
0.149585
-0.119777
-0.386474
-0.648234
-0.902827
-1.148084
-1.381915
-1.602327
-1.807443
-1.995514
-2.164938
-2.314270
-2.442237
-2.547749
-2.629904
-2.688000
-2.721538
-2.730226
-2.713985
-2.672943
-2.607439
-2.518019
-2.405426
-2.270600
-2.114667
-1.938927
-1.744845
-1.534039
-1.308264
-1.069396
-0.819418
-0.560403
-0.294494
-0.023888
0.249185
0.522479
0.793754
1.060790
1.321411
1.573502
1.815023
2.044033
2.258698
2.457314
2.638317
2.800294
2.942000
3.062363
3.160495
3.235698
3.287469
3.315504
3.319702
3.300158
3.257171
3.191232
3.103025
2.993416
2.863448
2.714331
2.547426
2.364239
2.166405
1.955672
1.733886
1.502976
1.264936
1.021806
0.775657
0.528571
0.282624
0.039865
-0.197696
-0.428111
-0.649507
-0.860103
-1.058225
-1.242321
-1.410973
-1.562906
-1.697006
-1.812318
-1.908066
-1.983646
-2.038641
-2.072818
-2.086130
-2.078716
-2.050900
-2.003184
-1.936245
-1.850926
-1.748233
-1.629316
-1.495467
-1.348102
-1.188751
-1.019042
-0.840686
-0.655462
-0.465199
-0.271764
-0.077039
0.117094
0.308766
0.496143
0.677441
0.850941
1.015002
1.168082
1.308744
1.435675
1.547694
1.643761
1.722991
1.784655
1.828192
1.853210
1.859489
1.846986
1.815829
1.766322
1.698936
1.614309
1.513235
1.396662
1.265678
1.121503
0.965478
0.799052
0.623768
0.441252
0.253193
0.061332
-0.132556
-0.326679
-0.519241
-0.708461
-0.892588
-1.069918
-1.238806
-1.397686
-1.545080
-1.679614
-1.800031
-1.905198
-1.994121
-2.065952
-2.119995
-2.155712
-2.172733
-2.170850
-2.150027
-2.110397
-2.052258
-1.976076
-1.882474
-1.772231
-1.646275
-1.505670
-1.351611
-1.185411
-1.008489
-0.822359
-0.628613
-0.428912
-0.224963
-0.018513
0.188674
0.394829
0.598196
0.797044
0.989689
1.174500
1.349924
1.514489
1.666827
1.805679
1.929909
2.038513
2.130629
2.205545
2.262702
2.301702
2.322309
2.324455
2.308233
2.273904
2.221890
2.152768
2.067271
1.966275
1.850794
1.721971
1.581066
1.429443
1.268564
1.099967
0.925260
0.746101
0.564184
0.381228
0.198954
0.019076
-0.156717
-0.326777
-0.489510
-0.643391
-0.786979
-0.918928
-1.037998
-1.143070
-1.233152
-1.307392
-1.365079
-1.405655
-1.428719
-1.434027
-1.421498
-1.391211
-1.343408
-1.278486
-1.197000
-1.099651
-0.987284
-0.860878
-0.721539
-0.570486
-0.409042
-0.238622
-0.060720
0.123105
0.311246
0.502059
0.693879
0.885038
1.073877
1.258763
1.438104
1.610363
1.774075
1.927853
2.070412
2.200569
2.317265
2.419565
2.506674
2.577941
2.632864
2.671098
2.692455
2.696908
2.684592
2.655797
2.610975
2.550727
2.475801
2.387088
2.285607
2.172503
2.049032
1.916548
1.776495
1.630390
1.479810
1.326379
1.171748
1.017584
0.865552
0.717300
0.574444
0.438550
0.311122
0.193584
0.087271
-0.006589
-0.086886
-0.152635
-0.202993
-0.237262
-0.254901
-0.255526
-0.238923
-0.205044
-0.154014
-0.086125
-0.001842
0.098206
0.213226
0.342271
0.484245
0.637912
0.801906
0.974744
1.154836
1.340500
1.529977
1.721445
1.913034
2.102845
2.288966
2.469487
2.642520
2.806212
2.958768
3.098460
3.223651
3.332801
3.424491
3.497428
3.550465
3.582607
3.593023
3.581054
3.546222
3.488234
3.406987
3.302569
3.175263
3.025543
2.854074
2.661707
2.449472
2.218573
1.970378
1.706409
1.428330
1.137935
0.837134
0.527935
0.212434
-0.107210
-0.428785
-0.750048
-1.068742
-1.382615
-1.689440
-1.987030
-2.273260
-2.546080
-2.803539
-3.043795
-3.265133
-3.465981
-3.644921
-3.800702
-3.932252
-4.038684
-4.119307
-4.173633
-4.201375
-4.202457
-4.177013
-4.125382
-4.048112
-3.945949
-3.819839
-3.670911
-3.500475
-3.310010
-3.101147
-2.875663
-2.635458
-2.382547
-2.119036
-1.847112
-1.569017
-1.287033
-1.003465
-0.720615
-0.440769
-0.166176
0.100974
0.358565
0.604575
0.837093
1.054333
1.254651
1.436561
1.598743
1.740057
1.859554
1.956480
2.030286
2.080633
2.107390
2.110640
2.090678
2.048006
1.983334
1.897566
1.791799
1.667310
1.525547
1.368114
1.196757
1.013352
0.819886
0.618440
0.411170
0.200290
-0.011947
-0.223274
-0.431423
-0.634147
-0.829246
-1.014576
-1.188077
-1.347787
-1.491860
-1.618584
-1.726396
-1.813894
-1.879854
-1.923238
-1.943206
-1.939123
-1.910564
-1.857323
-1.779412
-1.677062
-1.550723
-1.401064
-1.228961
-1.035498
-0.821953
-0.589794
-0.340660
-0.076354
0.201177
0.489850
0.787473
1.091756
1.400332
1.710776
2.020629
2.327413
2.628655
2.921907
3.204769
3.474905
3.730067
3.968110
4.187016
4.384905
4.560057
4.710924
4.836141
4.934545
5.005179
5.047304
5.060404
5.044192
4.998616
4.923853
4.820316
4.688647
4.529711
4.344597
4.134600
3.901218
3.646137
3.371218
3.078483
2.770100
2.448362
2.115672
1.774522
1.427472
1.077132
0.726138
0.377133
0.032743
-0.304440
-0.631886
-0.947140
-1.247847
-1.531770
-1.796807
-2.041008
-2.262593
-2.459963
-2.631716
-2.776655
-2.893802
-2.982401
-3.041926
-3.072085
-3.072821
-3.044314
-2.986976
-2.901451
-2.788604
-2.649520
-2.485488
-2.297995
-2.088709
-1.859468
-1.612264
-1.349224
-1.072593
-0.784717
-0.488019
-0.184985
0.121864
0.429988
0.736852
1.039945
1.336803
1.625027
1.902304
2.166427
2.415313
2.647017
2.859752
3.051900
3.222028
3.368897
3.491471
3.588929
3.660666
3.706300
3.725677
3.718863
3.686152
3.628058
3.545306
3.438834
3.309777
3.159456
2.989372
2.801185
2.596707
2.377876
2.146748
1.905473
1.656279
1.401449
1.143306
0.884187
0.626426
0.372335
0.124179
-0.115840
-0.345600
-0.563084
-0.766391
-0.953755
-1.123560
-1.274353
-1.404857
-1.513981
-1.600830
-1.664710
-1.705137
-1.721839
-1.714756
-1.684042
-1.630065
-1.553398
-1.454819
-1.335298
-1.195994
-1.038240
-0.863533
-0.673517
-0.469974
-0.254802
-0.030003
0.202339
0.440075
0.681010
0.922922
1.163583
1.400778
1.632326
1.856098
2.070034
2.272166
2.460632
2.633692
2.789745
2.927342
3.045202
3.142216
3.217465
3.270221
3.299959
3.306358
3.289303
3.248890
3.185422
3.099405
2.991546
2.862747
2.714092
2.546844
2.362430
2.162426
1.948549
1.722636
1.486629
1.242562
0.992537
0.738706
0.483257
0.228389
-0.023706
-0.270860
-0.510953
-0.741928
-0.961809
-1.168724
-1.360912
-1.536751
-1.694761
-1.833624
-1.952193
-2.049503
-2.124781
-2.177448
-2.207131
-2.213662
-2.197078
-2.157625
-2.095753
-2.012114
-1.907552
-1.783101
-1.639972
-1.479542
-1.303344
-1.113051
-0.910465
-0.697493
-0.476138
-0.248476
-0.016642
0.217197
0.450852
0.682140
0.908898
1.129007
1.340406
1.541117
1.729256
1.903056
2.060881
2.201241
2.322804
2.424411
2.505085
2.564042
2.600696
