Circuit_Solver_Saved_Graph
0 -0.00477633
1 -0.00575333
2 -0.0106383
3 -0.027853
4 -0.0504052
5 -0.077927
6 -0.109929
7 -0.14578
8 -0.184687
9 -0.225668
10 -0.267526
11 -0.308816
12 -0.347823
13 -0.382523
14 -0.410555
15 -0.429193
16 -0.435313
17 -0.425368
18 -0.395359
19 -0.340818
20 -0.256788
21 -0.137807
22 0.0220965
23 0.229414
24 0.491149
25 0.814812
26 1.20841
27 1.6804
28 2.23971
29 2.89566
30 3.65793
31 4.53651
32 5.54166
33 6.68383
34 7.97358
35 9.42152
36 11.0382
37 12.8342
38 14.8196
39 17.0043
40 19.398
41 22.0095
42 24.8474
43 27.9191
44 31.2316
45 34.7909
46 38.6017
47 42.6678
48 46.9919
49 51.5751
50 56.4174
51 61.5172
52 66.8715
53 72.4755
54 78.3231
55 84.4063
56 90.7155
57 97.2396
58 103.966
59 110.879
60 117.963
61 125.201
62 132.572
63 140.057
64 147.632
65 155.275
66 162.961
67 170.664
68 178.357
69 186.013
70 193.604
71 201.102
72 208.477
73 215.7
74 222.744
75 229.579
76 236.176
77 242.509
78 248.551
79 254.277
80 259.66
81 264.68
82 269.313
83 273.541
84 277.346
85 280.711
86 283.623
87 286.071
88 288.045
89 289.541
90 290.554
91 291.082
92 291.128
93 290.696
94 289.794
95 288.431
96 286.619
97 284.375
98 281.716
99 278.663
100 275.239
101 271.468
102 267.377
103 262.997
104 258.358
105 253.493
106 248.435
107 243.22
108 237.884
109 232.464
110 226.997
111 221.52
112 216.07
113 210.686
114 205.404
115 200.259
116 195.286
117 190.518
118 185.989
119 181.726
120 177.76
121 174.116
122 170.817
123 167.886
124 165.339
125 163.193
126 161.462
127 160.153
128 159.275
129 158.83
130 158.82
131 159.241
132 160.087
133 161.349
134 163.016
135 165.072
136 167.5
137 170.279
138 173.386
139 176.796
140 180.48
141 184.411
142 188.556
143 192.883
144 197.358
145 201.946
146 206.611
147 211.317
148 216.027
149 220.707
150 225.319
151 229.828
152 234.2
153 238.403
154 242.404
155 246.172
156 249.681
157 252.904
158 255.817
159 258.398
160 260.63
161 262.496
162 263.983
163 265.08
164 265.782
165 266.084
166 265.985
167 265.488
168 264.597
169 263.322
170 261.674
171 259.666
172 257.316
173 254.644
174 251.671
175 248.422
176 244.922
177 241.201
178 237.288
179 233.213
180 229.01
181 224.711
182 220.351
183 215.962
184 211.579
185 207.237
186 202.968
187 198.805
188 194.779
189 190.921
190 187.26
191 183.823
192 180.635
193 177.719
194 175.096
195 172.784
196 170.799
197 169.154
198 167.858
199 166.92
200 166.343
201 166.129
202 166.276
203 166.78
204 167.634
205 168.827
206 170.346
207 172.177
208 174.3
209 176.696
210 179.343
211 182.217
212 185.29
213 188.537
214 191.928
215 195.433
216 199.022
217 202.664
218 206.328
219 209.982
220 213.596
221 217.139
222 220.581
223 223.893
224 227.049
225 230.022
226 232.788
227 235.324
228 237.61
229 239.629
230 241.364
231 242.802
232 243.932
233 244.747
234 245.241
235 245.411
236 245.258
237 244.785
238 243.998
239 242.904
240 241.516
241 239.846
242 237.91
243 235.726
244 233.314
245 230.697
246 227.897
247 224.941
248 221.853
249 218.663
250 215.397
251 212.086
252 208.757
253 205.441
254 202.165
255 198.96
256 195.852
257 192.869
258 190.037
259 187.38
260 184.921
261 182.682
262 180.683
263 178.94
264 177.469
265 176.283
266 175.392
267 174.805
268 174.526
269 174.559
270 174.905
271 175.559
272 176.519
273 177.776
274 179.321
275 181.141
276 183.222
277 185.549
278 188.101
279 190.86
280 193.802
281 196.906
282 200.147
283 203.499
284 206.936
285 210.432
286 213.959
287 217.49
288 220.998
289 224.458
290 227.842
291 231.126
292 234.285
293 237.297
294 240.141
295 242.796
296 245.245
297 247.471
298 249.461
299 251.202
300 252.685
301 253.903
302 254.851
303 255.526
304 255.928
305 256.059
306 255.926
307 255.533
308 254.892
309 254.013
310 252.909
311 251.597
312 250.094
313 248.419
314 246.591
315 244.634
316 242.568
317 240.419
318 238.21
319 235.966
320 233.712
321 231.472
322 229.273
323 227.137
324 225.088
325 223.15
326 221.343
327 219.689
328 218.206
329 216.912
330 215.822
331 214.951
332 214.309
333 213.908
334 213.753
335 213.851
336 214.205
337 214.814
338 215.679
339 216.793
340 218.152
341 219.747
342 221.567
343 223.599
344 225.83
345 228.243
346 230.819
347 233.54
348 236.384
349 239.33
350 242.355
351 245.436
352 248.547
353 251.664
354 254.764
355 257.821
356 260.812
357 263.712
358 266.499
359 269.151
360 271.647
361 273.968
362 276.094
363 278.011
364 279.703
365 281.158
366 282.364
367 283.314
368 284
369 284.419
370 284.569
371 284.449
372 284.064
373 283.417
374 282.515
375 281.369
376 279.99
377 278.39
378 276.585
379 274.593
380 272.431
381 270.12
382 267.682
383 265.138
384 262.512
385 259.828
386 257.111
387 254.385
388 251.675
389 249.006
390 246.403
391 243.889
392 241.487
393 239.22
394 237.108
395 235.173
396 233.43
397 231.899
398 230.593
399 229.525
400 228.707
401 228.148
402 227.854
403 227.831
404 228.08
405 228.602
406 229.395
407 230.455
408 231.775
409 233.347
410 235.16
411 237.201
412 239.457
413 241.912
414 244.547
415 247.344
416 250.282
417 253.341
418 256.498
419 259.729
420 263.013
421 266.324
422 269.64
423 272.936
424 276.19
425 279.377
426 282.477
427 285.467
428 288.327
429 291.038
430 293.583
431 295.945
432 298.109
433 300.063
434 301.795
435 303.297
436 304.561
437 305.583
438 306.358
439 306.887
440 307.17
441 307.211
442 307.014
443 306.588
444 305.94
445 305.082
446 304.026
447 302.786
448 301.378
449 299.818
450 298.124
451 296.315
452 294.41
453 292.43
454 290.395
455 288.326
456 286.243
457 284.168
458 282.12
459 280.12
460 278.187
461 276.339
462 274.593
463 272.967
464 271.473
465 270.127
466 268.94
467 267.923
468 267.083
469 266.429
470 265.964
471 265.692
472 265.615
473 265.732
474 266.04
475 266.535
476 267.211
477 268.061
478 269.074
479 270.24
480 271.546
481 272.979
482 274.524
483 276.165
484 277.885
485 279.667
486 281.492
487 283.342
488 285.199
489 287.042
490 288.855
491 290.619
492 292.315
493 293.926
494 295.437
495 296.831
496 298.095
497 299.214
498 300.178
499 300.975
500 301.598
501 302.038
502 302.291
503 302.352
504 302.219
505 301.893
506 301.374
507 300.667
508 299.775
509 298.707
510 297.469
511 296.074
512 294.531
513 292.854
514 291.056
515 289.154
516 287.162
517 285.099
518 282.982
519 280.83
520 278.66
521 276.492
522 274.346
523 272.238
524 270.189
525 268.216
526 266.336
527 264.567
528 262.923
529 261.419
530 260.07
531 258.886
532 257.879
533 257.058
534 256.43
535 256.002
536 255.778
537 255.759
538 255.948
539 256.342
540 256.94
541 257.736
542 258.724
543 259.897
544 261.245
545 262.757
546 264.422
547 266.225
548 268.153
549 270.188
550 272.316
551 274.519
552 276.778
553 279.077
554 281.396
555 283.718
556 286.023
557 288.294
558 290.513
559 292.663
560 294.728
561 296.691
562 298.54
563 300.26
564 301.839
565 303.267
566 304.534
567 305.633
568 306.558
569 307.304
570 307.868
571 308.249
572 308.448
573 308.468
574 308.312
575 307.987
576 307.499
577 306.857
578 306.072
579 305.155
580 304.119
581 302.979
582 301.748
583 300.444
584 299.082
585 297.679
586 296.253
587 294.822
588 293.403
589 292.015
590 290.675
591 289.399
592 288.204
593 287.107
594 286.122
595 285.264
596 284.544
597 283.975
598 283.568
599 283.33
600 283.271
601 283.395
602 283.706
603 284.208
604 284.902
605 285.787
606 286.86
607 288.118
608 289.555
609 291.164
610 292.936
611 294.862
612 296.931
613 299.129
614 301.444
615 303.861
616 306.365
617 308.94
618 311.57
619 314.238
620 316.928
621 319.622
622 322.304
623 324.957
624 327.565
625 330.114
626 332.587
627 334.972
628 337.256
629 339.427
630 341.474
631 343.389
632 345.165
633 346.795
634 348.274
635 349.6
636 350.772
637 351.79
638 352.656
639 353.374
640 353.95
641 354.39
642 354.703
643 354.898
644 354.987
645 354.983
646 354.899
647 354.749
648 354.548
649 354.314
650 354.062
651 353.809
652 353.573
653 353.371
654 353.22
655 353.136
656 353.137
657 353.238
658 353.453
659 353.798
660 354.284
661 354.924
662 355.727
663 356.703
664 357.859
665 359.2
666 360.73
667 362.452
668 364.364
669 366.466
670 368.755
671 371.223
672 373.864
673 376.668
674 379.625
675 382.721
676 385.942
677 389.272
678 392.693
679 396.187
680 399.734
681 403.313
682 406.902
683 410.48
684 414.022
685 417.506
686 420.909
687 424.208
688 427.38
689 430.402
690 433.252
691 435.911
692 438.357
693 440.573
694 442.54
695 444.244
696 445.671
697 446.807
698 447.643
699 448.17
700 448.381
701 448.274
702 447.845
703 447.095
704 446.028
705 444.646
706 442.958
707 440.973
708 438.702
709 436.158
710 433.358
711 430.317
712 427.055
713 423.593
714 419.952
715 416.155
716 412.227
717 408.193
718 404.078
719 399.909
720 395.712
721 391.514
722 387.341
723 383.22
724 379.176
725 375.234
726 371.418
727 367.751
728 364.254
729 360.947
730 357.848
731 354.975
732 352.342
733 349.961
734 347.843
735 345.997
736 344.429
737 343.142
738 342.139
739 341.417
740 340.976
741 340.808
742 340.908
743 341.264
744 341.867
745 342.701
746 343.753
747 345.004
748 346.438
749 348.033
750 349.769
751 351.625
752 353.578
753 355.604
754 357.681
755 359.784
756 361.891
757 363.978
758 366.022
759 368.002
760 369.896
761 371.685
762 373.349
763 374.872
764 376.238
765 377.433
766 378.445
767 379.263
768 379.881
769 380.291
770 380.491
771 380.479
772 380.257
773 379.826
774 379.193
775 378.366
776 377.353
777 376.167
778 374.822
779 373.333
780 371.718
781 369.995
782 368.184
783 366.308
784 364.389
785 362.45
786 360.515
787 358.608
788 356.755
789 354.98
790 353.307
791 351.76
792 350.363
793 349.137
794 348.105
795 347.286
796 346.699
797 346.361
798 346.287
799 346.49
800 346.981
801 347.77
802 348.862
803 350.263
804 351.974
805 353.994
806 356.32
807 358.948
808 361.868
809 365.07
810 368.543
811 372.27
812 376.235
813 380.418
814 384.8
815 389.356
816 394.062
817 398.894
818 403.824
819 408.824
820 413.867
821 418.922
822 423.962
823 428.955
824 433.874
825 438.69
826 443.374
827 447.899
828 452.24
829 456.371
830 460.268
831 463.911
832 467.279
833 470.355
834 473.123
835 475.57
836 477.684
837 479.457
838 480.884
839 481.961
840 482.688
841 483.066
842 483.1
843 482.797
844 482.167
845 481.222
846 479.977
847 478.449
848 476.655
849 474.618
850 472.359
851 469.904
852 467.276
853 464.504
854 461.615
855 458.638
856 455.601
857 452.534
858 449.466
859 446.426
860 443.444
861 440.547
862 437.763
863 435.117
864 432.636
865 430.341
866 428.256
867 426.4
868 424.79
869 423.443
870 422.372
871 421.589
872 421.102
873 420.918
874 421.04
875 421.47
876 422.206
877 423.245
878 424.58
879 426.203
880 428.103
881 430.267
882 432.68
883 435.324
884 438.18
885 441.228
886 444.446
887 447.811
888 451.298
889 454.883
890 458.539
891 462.241
892 465.963
893 469.677
894 473.359
895 476.983
896 480.524
897 483.96
898 487.266
899 490.422
900 493.408
901 496.207
902 498.801
903 501.177
904 503.322
905 505.226
906 506.881
907 508.282
908 509.425
909 510.31
910 510.937
911 511.31
912 511.436
913 511.322
914 510.978
915 510.417
916 509.654
917 508.703
918 507.582
919 506.311
920 504.91
921 503.4
922 501.803
923 500.142
924 498.441
925 496.723
926 495.012
927 493.332
928 491.706
929 490.156
930 488.705
931 487.373
932 486.18
933 485.144
934 484.283
935 483.612
936 483.144
937 482.891
938 482.862
939 483.065
940 483.506
941 484.187
942 485.11
943 486.273
944 487.673
945 489.304
946 491.158
947 493.226
948 495.496
949 497.954
950 500.585
951 503.372
952 506.296
953 509.337
954 512.476
955 515.69
956 518.956
957 522.252
958 525.555
959 528.84
960 532.085
961 535.267
962 538.363
963 541.351
964 544.21
965 546.921
966 549.465
967 551.825
968 553.985
969 555.932
970 557.653
971 559.138
972 560.379
973 561.371
974 562.11
975 562.593
976 562.822
977 562.799
978 562.529
979 562.02
980 561.28
981 560.32
982 559.154
983 557.796
984 556.262
985 554.57
986 552.74
987 550.791
988 548.746
989 546.625
990 544.451
991 542.248
992 540.038
993 537.845
994 535.691
995 533.599
996 531.59
997 529.686
998 527.906
999 526.269
1000 524.792
1001 523.491
1002 522.38
1003 521.471
1004 520.775
1005 520.3
1006 520.052
1007 520.036
1008 520.253
1009 520.703
1010 521.385
1011 522.293
1012 523.42
1013 524.759
1014 526.298
1015 528.025
1016 529.925
1017 531.983
1018 534.181
1019 536.501
1020 538.922
1021 541.423
1022 543.983
1023 546.144
