Circuit_Solver_Saved_Circuit
xxx
6 0
53 -19
50532 58
50988 83
50839 97
50118 107
22 107
50701 118
50122 118
50660 125
50569 127
50430 132
50927 138
50843 145
50808 174
50635 258
50101 258
50855 275
50275 344
50914 430
50058 493
50902 493
50905 532
50475 532
50145 560
50938 569
50951 635
50258 660
50344 701
50125 752
50127 770
50770 808
50266 839
50997 843
50925 855
50752 905
50083 914
50174 925
50493 927
50560 938
50929 938
23 951
50097 988
50138 997
